6.209701227834548698e-01
4.347459215906432917e-01
3.212920466617074089e-01
2.439743459512070944e-01
1.864573075586268280e-01
1.493558368665403036e-01
1.248294532162343984e-01
1.043360330731889773e-01
7.867943507980132423e-02
6.266609740471208723e-02
5.214744527167612664e-02
5.006586569701290679e-02
4.630188352432434984e-02
4.138079699846093640e-02
3.340031358277929102e-02
2.951150790658811987e-02
1.847701337568982694e-02
1.504467908974243401e-02
1.386528985770311626e-02
1.653183465628492790e-02
1.522443430891866345e-02
6.380910761964283390e-03
1.287525371660187129e-02
1.024428033132331051e-02
4.461173098846693552e-04
1.991856201574652985e-03
6.937528601194134503e-03
9.889238291666276048e-03
3.513708739402720410e-03
-1.646548792339809497e-03
-5.397919443537090023e-03
-2.796066360155946562e-03
-8.686163833411031376e-03
-5.625353374568261428e-03
-5.770957645366753264e-03
-1.222905853347610108e-02
-9.720172910082962997e-03
-5.346939123016179046e-03
-3.346331270925574641e-03
-4.000042498934548718e-03
-2.461725465593204293e-03
-6.854327453699312830e-03
-1.624725111364841434e-02
-1.490664480537100614e-02
-1.146632187420652989e-02
-1.254530955989647915e-02
-1.718133612375471325e-02
-2.221105663096291025e-02
-1.896509120200037812e-02
-1.470835708661316632e-02
-1.132420983019776992e-02
-6.860502040652090294e-03
-3.985299746926157516e-03
1.178562579657645853e-03
-4.837959055196620894e-03
-4.707500821537802943e-03
-6.056073053694939479e-03
-9.607696578925623357e-03
-1.808125462960784996e-02
-1.907178327542733212e-02
-1.860070020063533947e-02
-1.617226521762949593e-02
-1.383482524563078679e-02
-1.604885699348521447e-02
-1.946038459067255325e-02
-1.751209182424512401e-02
-2.232437785930392257e-02
-2.296169668952028481e-02
-2.073020425679849774e-02
-2.017809532001563905e-02
-2.194400593118371254e-02
-3.010215863731900351e-02
-4.016361433242066070e-02
-4.527646138617506116e-02
-3.851422150084485990e-02
-3.853293004084838713e-02
-3.291470212014965813e-02
-3.150024021359512649e-02
-2.469404058886060307e-02
-1.693764544542268949e-02
-2.444579598076622104e-02
-2.217792600543767520e-02
-3.401399463750907209e-02
-2.765751411153826236e-02
-2.219443363552885476e-02
-3.027523540973308530e-02
-2.809987338562115744e-02
-2.934693188561128541e-02
-2.511977044015642480e-02
-1.864154028807813238e-02
-2.180089572880994017e-02
-3.353767351824431253e-02
-3.482144884552727110e-02
-4.749798482291395230e-02
-6.657264089796910422e-02
-6.701769085514913682e-02
-7.092778957608278367e-02
-5.933676486373135051e-02
-6.514867646988731220e-02
-4.476622318198825168e-02
-3.554791272293815474e-02
-5.549946260273781046e-02
-3.161238939216709509e-02
-2.801277507130867095e-02
-3.493294406888260845e-02
-2.848922479974517336e-02
-3.361330634845045851e-02
-3.434667651864099780e-02
-3.132148556535414158e-02
-2.674179786229977790e-02
-2.688530473131153092e-02
-1.863124023406625973e-02
-1.103791925330632230e-02
-2.007189356679157238e-02
-1.898913792476941698e-02
-2.296015691325163990e-02
-2.781055907812135519e-02
-4.116892933259341802e-02
-3.719445790963569337e-02
-3.558017780375910544e-02
-3.543240136327049927e-02
-3.908819986401398938e-02
-3.830164299455890431e-02
-5.200359512592010736e-02
-5.805014549865990248e-02
-5.595419057997316759e-02
-5.836535894558880083e-02
-6.135736562424302931e-02
-5.969367957897683125e-02
-6.009011298033040127e-02
-6.077239925703811774e-02
-7.103186674891351360e-02
-7.039825702475463465e-02
-7.158366838172074142e-02
-7.584314003867687060e-02
-8.188030361712163308e-02
-8.922891922435749468e-02
-8.838327415781527252e-02
-8.306932897360139179e-02
-7.943146152470681454e-02
-7.494281873161205698e-02
-7.225223928005081175e-02
-6.123118343526062768e-02
-5.299046835248522741e-02
-6.004863663583441535e-02
-5.788770337195028176e-02
-6.486245155503170268e-02
-5.616459475652613859e-02
-7.032973233664002732e-02
-3.662120007649798115e-02
-3.256937401986121500e-02
-3.936713679046683484e-02
-5.428306022956627674e-02
-4.921691081568469600e-02
-4.078889084557233563e-02
-4.344754494570650383e-02
-4.135301180726819181e-02
-3.690143751263032235e-02
-3.637066821789038812e-02
-3.477362208231141866e-02
-4.464277450187419810e-02
-4.673384056017020755e-02
-4.086779953679264138e-02
-4.641760509836230508e-02
-4.917079290731393715e-02
-5.426551959490252819e-02
-6.096254724666595737e-02
-6.886675820371486456e-02
-5.767123176756609043e-02
-5.821704200385208888e-02
-5.071837443282616043e-02
-4.583326121933296859e-02
-5.069203230645307617e-02
-4.578596092605227014e-02
-4.032336477656739415e-02
-3.322747676258785976e-02
-3.535522324721915993e-02
-2.817257255897646917e-02
-2.861730972870211998e-02
-3.582714003257757296e-02
-3.023408287721934817e-02
-4.350034990722057016e-02
-4.082644290605374343e-02
-4.148716289971245141e-02
-3.216287207256640635e-02
-3.361017476977209983e-02
-3.873159336730640223e-02
-4.525183241524347033e-02
-4.590187841603303454e-02
-3.869505285710703874e-02
-4.629353944742370386e-02
-3.160017976401031242e-02
-3.089358141113071263e-02
-3.335891173559017014e-02
-3.872552575258575436e-02
-5.736998892446067144e-02
-3.257009268729670753e-02
-2.307341379164445580e-02
-3.938630972932666979e-02
-4.073518597280428866e-02
-3.911810063067117094e-02
-4.208027581667973804e-02
-4.949651851709611916e-02
-4.840432204426316914e-02
-4.346882445029515152e-02
-5.326156788530041208e-02
-5.934861012464341667e-02
-5.369252780500535088e-02
-4.566435801608530881e-02
-3.682794068115695374e-02
-4.205532718331126546e-02
-3.487610915740250311e-02
-4.351448343728039903e-02
-4.482619129479356590e-02
-4.510694156802559640e-02
-4.403763340341838167e-02
-5.407427726951410940e-02
-5.900216181932917137e-02
-5.705833119585240754e-02
-5.928987242531637281e-02
-5.812350413604583377e-02
-5.765777821021426247e-02
-6.369604124260327960e-02
-4.794273464697406534e-02
-5.369707588049330016e-02
-5.215004488266104798e-02
-5.001015097553608568e-02
-5.155778485122069349e-02
-5.826046563781864251e-02
-5.635097258841972878e-02
-4.613338762179401698e-02
-4.477649345937183972e-02
-5.783300797981318769e-02
-6.591444020865649955e-02
-5.672303024666695836e-02
-5.386811007444346211e-02
-4.552282987434363992e-02
-4.797948220836420474e-02
-4.214604874304366672e-02
-4.986982374245013672e-02
-5.624794772762918560e-02
-6.937107264612724089e-02
-7.130724823648440514e-02
-7.153522946564921936e-02
-8.157135101683074541e-02
-8.745390922460941074e-02
-1.112307637396509757e-01
-1.014252282185314769e-01
-6.425199301777852201e-02
-4.818604071792433052e-02
-4.366449379223723976e-02
-5.229829470124341961e-02
-5.248660752074874730e-02
-4.299672114587431426e-02
-5.320218104933373271e-02
-5.345553173248447643e-02
-4.746662571526429064e-02
-4.743281135049632474e-02
-4.821726617678930016e-02
-5.324698869772812038e-02
-5.668537060046530823e-02
-5.849465190273100967e-02
-5.917389739428763340e-02
-6.885620611739423635e-02
-7.367751910420117234e-02
-5.989959401457861654e-02
-6.029665254528999985e-02
-5.201505639327157898e-02
-6.017141156252534678e-02
-5.803515982896753633e-02
-4.536781676745608310e-02
-5.293848478063770818e-02
-5.357548742799768393e-02
-3.914011658750972400e-02
-3.596944022721680623e-02
-3.675813523940847649e-02
-2.908093566952136069e-02
-2.177420859901667630e-02
-3.699673336851313360e-02
-6.214945346955200178e-02
-7.549863899310732540e-02
-7.986808204641464293e-02
-7.293379802892285824e-02
-6.247151164779805865e-02
-5.912435810584705520e-02
-5.102621233993816230e-02
-4.654149880634806530e-02
-4.196681097956986295e-02
-4.468071112190057786e-02
-5.239278641259153407e-02
-5.827149490962494488e-02
-6.404685136234240794e-02
-6.085878765490353171e-02
-5.916261046469699358e-02
-6.898666378445067471e-02
-6.532570664281328598e-02
-4.973123626556716359e-02
-4.973488447028874548e-02
-5.430348672991948400e-02
-5.946630489363761290e-02
-6.792304724688193185e-02
-7.188192183325170515e-02
-6.643418244672237571e-02
-6.056555528586304860e-02
-6.944821388776484250e-02
-1.224880211245095857e-01
-1.458027092938274094e-01
-7.804118717008010075e-02
-7.383896896768761542e-02
-7.073732735844787123e-02
-7.820875822059535076e-02
-7.017109648926737886e-02
-5.865849686396436974e-02
-4.704695073735244704e-02
-4.633411652123625712e-02
-4.614246650766184316e-02
-5.619321584627440247e-02
-6.425927415374857454e-02
-4.887802327589652746e-02
-3.060821857768518048e-02
-2.923573660373482430e-02
-3.648864789355421578e-02
-5.397265283838138805e-02
-6.486048409178442331e-02
-6.322702663340139251e-02
-6.467872586109561783e-02
-7.381245968182528761e-02
-9.042720985099145237e-02
-9.532348676152338496e-02
-1.021431885117448368e-01
-9.062417808249288720e-02
-8.255734141283657679e-02
-8.825316124677203000e-02
-8.138021096639487528e-02
-8.980154582896521243e-02
-9.526049151266376136e-02
-7.407075361605426622e-02
-6.042171266665648244e-02
-7.465552496402406979e-02
-8.532905755649781987e-02
-7.172583197243713460e-02
-7.054128256997324597e-02
-7.753984258455515199e-02
-9.669915362156220051e-02
-1.040780539583482101e-01
-1.090493290065933929e-01
-9.541748834714776362e-02
-9.475503113926195264e-02
-9.405440434918208026e-02
-8.946767181113994549e-02
-9.340454336010944880e-02
-1.045747127484582123e-01
-1.096984317332657666e-01
-8.960871600853692609e-02
-7.238391378414085753e-02
-6.952302727329479071e-02
-7.500267153041223489e-02
-8.133198847619776961e-02
-8.538883968661747925e-02
-9.212973352815434502e-02
-1.019535860179115183e-01
-1.044980615972481708e-01
-9.970651794981394422e-02
-8.658264631060362537e-02
-8.237087367676745875e-02
-8.314409860853977374e-02
-7.115540417463990519e-02
-7.999899667670373749e-02
-8.478371470087198158e-02
-7.882888617878995585e-02
-7.814664068877819059e-02
-9.524462386720183860e-02
-1.040272284815065007e-01
-1.234029395899237658e-01
-1.239329486330694313e-01
-1.082598013120486952e-01
-7.731505188392101546e-02
-6.777189415008655349e-02
-5.798966852569360786e-02
-5.798232718013274223e-02
-5.657047335487041390e-02
-4.207283081894001159e-02
-3.761782879254972622e-02
-3.588743093050571209e-02
-3.523916807818743002e-02
-4.948161366178792375e-02
-6.588359277580407847e-02
-6.809095631121611647e-02
-5.346506701273491535e-02
-8.284168139992453828e-02
-6.779153302102390588e-02
-8.901953921579221218e-02
-8.169704199499522312e-02
-1.469899624541546324e-01
-5.240543030819168335e-02
-4.270972656603345963e-02
-3.990371860144437122e-02
-4.877562434234202632e-02
-5.933081774747625547e-02
-6.123489985179282613e-02
-7.958600500842202830e-02
-8.742028728410203287e-02
-9.535672536994119208e-02
-1.037422486602259664e-01
-9.225219634711658012e-02
-9.450086368321922170e-02
-8.737564799472571919e-02
-9.507572577178796669e-02
-8.140365193552744072e-02
-7.560616072733310211e-02
-6.393674096094613402e-02
-6.180603470262694549e-02
-9.601535085569083694e-02
-1.059989710850107181e-01
-1.261095113729067685e-01
-9.781039802397503702e-02
-1.533458317024037343e-01
-1.233094152185344738e-01
-7.658727685772115379e-02
-8.770610001402431855e-02
-1.103074317878731392e-01
-1.147407168180688553e-01
-1.238759428280651331e-01
-1.198773155727596296e-01
-1.235758777601013714e-01
-1.075257577452987112e-01
-1.044193731567540362e-01
-1.057907731789273220e-01
-1.046560835339427897e-01
-1.023319299467666810e-01
-9.665210574512610175e-02
-1.004129102161336884e-01
-1.117121774370731513e-01
-1.270887780857556937e-01
-1.273613737595507001e-01
-1.326996450099874880e-01
-1.281803314031846330e-01
-1.370404838091933697e-01
-1.348024147803480732e-01
-1.289848623043552411e-01
-1.180712633311880311e-01
-1.134750927133755805e-01
-1.097428396931138250e-01
-1.066377162242467397e-01
-9.519249557972481179e-02
-7.817862537380972088e-02
-8.870030106029334893e-02
-1.152562467592825879e-01
-1.904655462539395216e-01
-8.153181873454494466e-02
-8.323714916145998066e-02
-8.989088308382929549e-02
-1.007978487639441534e-01
-9.474512583813607391e-02
-7.939336023215397276e-02
-8.862705598515371874e-02
-1.187475133514801495e-01
-1.375517690035341911e-01
-1.257021642223812852e-01
-1.300646529828843601e-01
-1.372726225846211401e-01
-1.435895321923338075e-01
-1.464046519019386317e-01
-1.323329115851987758e-01
-1.397751930626658923e-01
-1.558671675380450261e-01
-1.564977245957863694e-01
-1.303323699569438610e-01
-1.430609196353988533e-01
-1.470594983564467439e-01
-1.503741723342605918e-01
-1.459719657663170467e-01
-1.344651890456827759e-01
-1.473930683994663926e-01
-1.459619946147893976e-01
-1.474545411509156634e-01
-1.493864757855407066e-01
-1.561448726968767131e-01
-1.656883492907502142e-01
-1.675797174692941760e-01
-1.461042863697569472e-01
-1.219981036406139752e-01
-1.046060845625072372e-01
-7.572959138890440756e-02
-7.582567657288179219e-02
-7.056238561781266738e-02
-6.813289399583903616e-02
-7.632987110938811715e-02
-7.520277274397815792e-02
-7.356912666118407829e-02
-8.044669855897512711e-02
-8.643568014990674064e-02
-8.870477316876121399e-02
-8.107384569222239601e-02
-9.953683368363847039e-02
-9.224632657163052418e-02
-1.097048706018435849e-01
-9.934283960558559778e-02
-1.039684422507861361e-01
-1.000741296127354019e-01
-1.171303378058605044e-01
-1.160263534682523245e-01
-9.460498214009441242e-02
-9.740510834901344728e-02
-8.093512601798365236e-02
-6.417213303171705185e-02
-7.668141479356951895e-02
-9.503032367335356723e-02
-8.796017451706311663e-02
-9.918787000985984648e-02
-1.226949393614577555e-01
-1.100272165744519970e-01
-7.301225199485718298e-02
-7.823156161275528209e-02
-8.443525156197102810e-02
-7.591275362547243721e-02
-8.776828973012099078e-02
-7.847749692617353445e-02
-9.426946342017407388e-02
-1.183070362544294540e-01
-1.107472858868427668e-01
-8.350279495780194017e-02
-9.552899081364235601e-02
-8.465156835036735661e-02
-7.975529528101299448e-02
-7.986268891873599118e-02
-8.107907905590716613e-02
-7.617204712664418786e-02
-5.606436623621684906e-02
-6.400313051240472118e-02
-9.312375720518489830e-02
-1.241277102648511155e-01
-1.175356663450812800e-01
-1.122374364788976397e-01
-1.407461916477375508e-01
-1.251494611300613957e-01
-1.085045704076831874e-01
-1.102214113282403568e-01
-1.494126038559365766e-01
-1.019167467614233158e-01
-1.465642978779866656e-01
-2.593321342476350155e-01
-7.603188229255736230e-02
-7.658652772674590103e-02
-5.946889347408383653e-02
-4.313092335415569245e-02
-4.624936879584277960e-02
-4.080047566309775997e-02
-2.564683720029384273e-02
-2.211574406797576359e-02
-4.807684795232208125e-02
-6.866203994702377300e-02
-8.560292826812468392e-02
-1.148664365766067924e-01
-1.146725206926010321e-01
-8.137655050184286476e-02
-5.429140986215299364e-02
-3.982239648981855673e-02
-3.497989108044533002e-02
-5.618344523351746778e-02
-7.659504373528816523e-02
-6.368572493850467586e-02
-7.661149348387497060e-02
-1.086875263936704084e-01
-2.125431768815959910e-01
-6.433373611234166622e-02
-6.552168153490622871e-02
-6.587347696966092125e-02
-7.579823416903913591e-02
-8.639399430322590445e-02
-8.170430288164937105e-02
-6.965309654857582133e-02
-5.557724151727452128e-02
-5.152254858486839117e-02
-5.725180554833245866e-02
-4.209151304866057958e-02
-7.564429126024298233e-02
-1.025587942635730887e-01
-1.124766303026003833e-01
-1.278029628006970286e-01
-1.122291572315601005e-01
-2.118931177866114623e-01
-3.728693394215887302e-01
-4.127346699146924869e-01
-5.228836310760468509e-01
-5.320786951014400135e-01
-1.149134147708928133e-01
-9.800907503309722046e-02
-8.059545556178759895e-02
-7.198775118126284067e-02
-6.661542945311110797e-02
-8.493280824568606724e-02
-9.150599381442263425e-02
-9.914003669546857245e-02
-9.619774286798724039e-02
-8.547224648218899878e-02
-8.333439416609556005e-02
-8.909826991601917101e-02
-8.416348063582436423e-02
