5.822505153365880037e-01
3.792768442397984052e-01
2.726292697195071835e-01
2.057056167352917797e-01
1.545902821147993045e-01
1.271270309943905719e-01
1.093518777635262285e-01
8.739005007724996721e-02
7.067661794514416840e-02
6.200059248497944570e-02
4.540829037041475141e-02
4.106772160378204667e-02
4.442204845585284723e-02
4.359623710010651632e-02
3.502879882203559919e-02
2.911343018634481722e-02
2.517716334953015722e-02
2.120350984229346647e-02
2.615010659970614174e-02
3.124648505819071012e-02
1.947949953440322735e-02
6.132327450682745380e-03
7.629352537861571956e-03
1.101088571932920014e-02
-5.816962753086470095e-03
-5.574917059572537421e-03
-1.833700787320251486e-03
-3.575723840720277194e-04
-2.446091691000758846e-03
-3.510266127522795876e-03
3.331994127002510520e-03
1.545720633778673633e-03
-3.517649082322254778e-03
-1.483779645856592774e-04
-2.550902792681596001e-03
-3.047951490858323006e-05
6.111906516397608985e-03
3.421471846652682138e-03
8.550740475873954208e-03
3.146563693291789220e-03
2.982552545289503948e-03
-1.254855045590815661e-03
-3.574788047832092638e-03
2.247591066827858903e-04
3.753762452969266160e-03
3.760309124869912895e-03
-5.134525215470545079e-03
-5.764057844831865438e-03
-6.505968966027175782e-03
8.341463366403777027e-04
-8.275520738261935927e-04
-1.103298391314919873e-03
2.881531536011404208e-03
4.512474162152587081e-04
-4.580785874661636066e-03
2.563185923010750239e-03
3.760413889849731871e-03
8.158109303456373993e-05
-6.893784806395032369e-03
-4.428993772674169431e-03
5.940403410468395734e-03
1.863098299542848739e-03
2.175435951803847412e-03
-1.077896413077604086e-03
-4.293318786507967222e-03
-5.880929082811296033e-03
-7.001350892521273836e-03
-6.954319997880907718e-03
-3.362121503003056774e-03
-4.199914803399591441e-04
-7.283362090541723247e-03
-1.998651930644533212e-02
-2.693462488127073770e-02
-3.012791838223187121e-02
-2.743093383380010297e-02
-2.982370032486673928e-02
-2.225738732056122687e-02
-2.180314386144235894e-02
-2.178591923621421914e-02
-9.960830127775807674e-03
-1.772607693081253849e-02
-2.459001115871467871e-02
-1.719438107659800041e-02
-3.832090987358507256e-03
-8.955569619678903706e-03
-2.036735873941067712e-02
-1.575219580203184033e-02
-1.781729358233779398e-02
-8.374406634827667034e-03
-2.174239776760321114e-03
-3.401087510855301324e-03
-1.582408915834837906e-02
-2.350702356255515019e-02
-3.226405828024332678e-02
-4.405807693877828585e-02
-4.199511704308069027e-02
-4.707433145550950215e-02
-3.858230228808447876e-02
-3.380210638207006846e-02
-2.696828637591393296e-02
-1.561245231401511314e-02
-2.765631776723691607e-02
-2.139254301976850972e-02
-1.667840617853234494e-02
-1.868188519741210973e-02
-1.137582439769153735e-02
-1.734867893246769266e-02
-1.363342098095219126e-02
-1.193816332449230792e-02
-1.503795776555383844e-02
-1.469407307503234859e-02
-1.542307825247942778e-02
-1.166286749934493036e-02
-1.511988489303339213e-02
-5.980071574737606463e-03
-2.730149982544400732e-03
-1.344422435891613234e-02
-2.176411822270660906e-02
-2.613455120967967532e-02
-2.297456909230528865e-02
-2.243126316148872507e-02
-3.100739728428491410e-02
-3.635337441953327697e-02
-4.496073713599366833e-02
-3.972000584547848157e-02
-3.295354540837200363e-02
-2.470793501957390531e-02
-2.236598232714680570e-02
-2.386372223934712586e-02
-3.131261684334692152e-02
-2.398308111963962097e-02
-3.807634590915748296e-02
-2.602991438202536395e-02
-3.223545950793071935e-02
-2.773109260588495911e-02
-2.053495598702429620e-02
-1.489151123125163033e-02
-2.734139151729158418e-02
-3.537108325574221668e-02
-3.540741878454594510e-02
-3.256380790622365184e-02
-3.332895825877294632e-02
-2.834028486150392406e-02
1.502784390594717441e-03
-5.112929313481466911e-03
-2.653588764164031832e-02
-1.597256798909679060e-02
-5.146642217264678354e-03
-4.732624425602581508e-02
-3.228393873272852183e-02
-2.136726004251625691e-02
-1.314528885320124553e-02
-1.582319249683118018e-02
-6.577690807414076322e-03
-1.113197482884183305e-02
-2.159535819466163603e-02
-1.850189749306724307e-02
-1.344634330185569618e-02
-1.702345342065010592e-02
-1.734521222435278856e-02
-1.370941025455380685e-02
-2.345091290764465125e-02
-2.104325083668559179e-02
-2.275074413507381654e-02
-3.709288837698207497e-02
-3.323817210074911377e-02
-3.594787388204803702e-02
-3.620009389023307045e-02
-2.970032288060919096e-02
-2.145549765727256322e-02
-2.853047351665691581e-02
-2.197173580853180319e-02
-1.227728701437930461e-02
-2.880569711428825758e-02
-2.204832567889469450e-02
-1.676579748456174732e-02
-3.174321083090944629e-02
-2.029773852492875591e-02
-1.868852584636750483e-02
-2.228609300339490923e-02
-2.640951170365653244e-02
-1.787607935329591641e-02
-1.408090219109181529e-02
-1.471912164208953600e-02
-2.281950063724886776e-02
-2.779182502820858047e-02
-8.148033244978855616e-03
-1.747935563703464923e-02
-2.410743846856481729e-02
-1.524412565852397566e-02
-2.341067055470667790e-02
-2.167753252732807986e-02
-2.182325358232882484e-02
-3.331961085013169371e-02
-5.513093978383848057e-03
3.329101225672015472e-03
-2.184216365464520734e-03
2.369242116903700398e-03
-2.152119027331923437e-02
-1.903336592581680864e-02
-4.328897236835096626e-03
4.772121687304271484e-03
4.332986905579921423e-03
-1.063180623404246135e-02
-3.952812032676326914e-03
-2.919223596546596388e-04
-8.124156352317132498e-03
7.125345076562195762e-03
-2.545702054435687589e-02
-1.460501315514629340e-02
-9.064236345958572591e-04
-1.605528732615627702e-02
-2.999319994243802856e-02
-2.501422026184057026e-02
2.843896414250603535e-02
5.274737924446067788e-02
1.090886118237755116e-02
5.030838941517953161e-02
-1.928683092678287053e-02
-9.096775742696419642e-03
-2.447926018324368680e-02
-2.125130328573916413e-02
-3.137557213033337344e-02
-2.662439617761686722e-02
-3.164242637447710338e-02
-1.562021721009868545e-02
1.850894684741863317e-03
-1.324047135327391725e-02
-6.994671286862258822e-03
-2.942124014537517845e-03
-1.013348447637223149e-02
-3.309977856390178275e-02
-3.195576389821844915e-02
-3.628021998719790919e-02
-3.334420837170090635e-02
-3.594824693453243375e-02
-6.807021214490007258e-03
-1.561162476725900562e-02
3.482603827336365129e-03
-2.301621785237255649e-02
-2.868015757899664009e-02
-2.323142723430740922e-02
-2.016653752362351087e-02
-6.165717050858551124e-03
-1.473682776686417902e-02
-6.415013822554658726e-03
-2.860370273791609103e-02
-2.305843136787961295e-02
2.084390103817763268e-02
9.474254725359917625e-03
7.922660936495554487e-03
-2.789974954958615843e-03
-9.634236786968000330e-03
-1.481994552828603401e-02
-2.612691256173410928e-02
-2.985909935004802188e-02
-2.685338549940376532e-02
-2.410372489804517293e-02
-2.684631644453400537e-02
-2.051366293972264193e-02
-3.738670306430030843e-02
-4.203339429402422334e-02
-3.097409607609929658e-02
-2.398595755409051525e-02
-1.910825183882152931e-02
-2.775903123353680099e-02
-2.918519244202391269e-02
-4.343336551369125775e-02
-4.269277378253562294e-02
-4.182307407378223901e-02
-6.124402318736894141e-02
-4.403891950053060583e-02
-3.038738402799201835e-02
-3.144923812942156810e-02
-3.669516644069061029e-02
-4.389556646766478581e-02
-4.520924124579848297e-02
-4.649312118561961527e-02
-3.911239201282228767e-02
-4.530729325299802379e-02
-5.685378763536754615e-02
-5.599767697752527223e-02
-6.473399734810977857e-02
-4.586121219225443996e-02
-2.019151451848934589e-02
-2.978740357221550464e-02
-9.341895297777277896e-03
2.804662801454162885e-03
2.103080382544519292e-03
3.375040867747217989e-03
1.418760150014999367e-02
2.105450756019434239e-02
7.852205981373231933e-03
-3.470885855559139536e-03
-2.055308208917471652e-02
-2.405907686577246976e-02
-2.089749639656210065e-02
-1.417090006671423326e-02
-2.328894378547921584e-02
-1.577553606785831591e-02
-1.880900400495689323e-02
-4.207178728276699670e-02
-3.134422993584076028e-02
-1.705234596156954968e-02
-3.199772548893745766e-02
-6.103004037216816502e-02
-8.916991138239202530e-02
-4.330556659601088321e-02
-2.768988948964591981e-02
-1.549656409087404700e-02
-5.721428397637792242e-03
-6.219657524245933954e-03
-8.989268475902338715e-04
6.688584604304032184e-03
2.711801862311710720e-02
1.030825503839909521e-02
-2.376431783555267574e-02
-1.839250131972930066e-02
7.701403031968340630e-04
-4.043131341588817457e-02
-8.404837625653349686e-02
2.273174652638367335e-02
2.724844313313715821e-02
1.641649049006929997e-02
8.423045316596919352e-03
-1.880482223271639705e-02
-3.477063602322146008e-02
-4.831887243845162799e-02
-4.252193278857691744e-02
-2.193875114649266114e-02
-2.688430698392942769e-03
-1.720093943937034886e-03
5.241628380179502809e-04
-2.060497639935082032e-02
3.427891851298171030e-03
2.264210721350633573e-02
2.841979220554760252e-02
3.223105496176965901e-02
-1.485313928700768889e-03
3.471403582815022013e-03
1.511665197279932205e-02
-4.906010911491240356e-02
-5.281549112455933420e-02
-4.449448080004952955e-02
-5.494023558718849620e-02
-6.013281898553850952e-02
-6.525781804771511874e-02
-7.856203421043010671e-02
-8.272282831825995830e-02
-8.532271415735610820e-02
-7.727874019124982008e-02
-4.955742363752391189e-02
-6.798828979166872399e-02
-6.255731598399302817e-02
-7.208197966790864941e-02
-6.408733223518513211e-02
-2.188497774258146497e-02
1.909841597856768228e-02
-6.730955208757678949e-03
3.504184684621102636e-02
1.508790152558035411e-04
2.056060530751080070e-02
1.239652185606907389e-02
8.599977879930029850e-03
2.772064050889619033e-02
7.900809066809860726e-02
-4.106128421231807629e-02
-4.615382521679228106e-02
-3.721542057980278123e-02
-3.626548852949908197e-02
-2.832251845802305143e-02
-5.951596327753935767e-02
-5.122636805170444063e-03
-3.592516183549621274e-03
-2.876852663569911400e-02
-3.064383826330595653e-02
-2.209221584671115096e-02
-9.311749760778562784e-03
2.316345627500216928e-02
3.338207640949206190e-02
4.694383565574640482e-02
-3.874839071322453560e-02
-3.994808676538746245e-02
-2.961384858175347343e-02
-4.599917046711269469e-02
-5.536446376964000715e-02
-6.001743365038758604e-02
-7.066734058343766833e-02
-6.005589854803247696e-02
-4.644592089014817210e-02
-3.520959398477888080e-02
-4.971353674254502808e-02
-3.980384511913375584e-02
-3.611559436398561335e-02
-6.598780680058201342e-02
-4.488256353495138212e-02
-3.206008448968029195e-02
1.029985027398405944e-04
-8.116001696216776362e-03
-8.965931134774329792e-02
-4.941992110377337738e-02
-5.798263392947310829e-02
-5.678850583817029313e-02
-5.150245566665689195e-02
-2.453384020752236855e-02
-1.685967616317999435e-02
-2.925243499797025234e-02
-4.288678541913915065e-02
-3.588462436442141357e-02
-2.293439955197143845e-02
-2.034091931900026615e-02
-7.550404354920023202e-03
-1.954769517578561558e-02
-2.391763226667933256e-02
-1.599959074039753251e-02
8.592868470981250562e-03
1.109480097566712710e-02
1.040403367070481117e-02
1.563134887484150456e-02
-1.587916812353228719e-03
5.499944520779635228e-03
2.997394325804153201e-03
-5.475753585171796089e-04
-4.089229317445534050e-03
7.895174986188722077e-05
1.079899698908442715e-02
-6.200766758580734603e-03
-4.590925158876992332e-03
-7.165096337206300348e-03
-2.636882221772274618e-02
-1.838252374034807235e-02
1.052621921269447473e-02
-2.466301656196302761e-03
-3.263549287315238578e-03
4.598118161579213764e-04
1.183076181617392052e-02
8.151182871522713461e-04
-3.254058566804551855e-02
-8.457020389096316093e-02
-5.736632173513864924e-03
-2.818001686598816877e-02
-3.667957168261411910e-02
-5.342037012560187093e-02
-6.067219282337366765e-02
-6.186654941297729804e-02
-6.664355423799681044e-02
-7.869295659306675683e-02
-8.291802715723466111e-02
-7.331853441484367795e-02
-9.384120327761356906e-02
-1.107447200378412350e-01
-1.067312972065445620e-01
-1.813956023235578988e-02
-3.800336673073192312e-02
-5.065548156641364042e-02
-4.664641968550573697e-02
-3.221934652288334366e-02
-2.750374010118255066e-02
-1.320413842703261308e-02
-1.072552941327645226e-02
6.312248878500880019e-03
-2.138055985098868180e-03
-6.172298373550850516e-03
-2.197553527218274599e-02
-5.848391296647646037e-02
-8.906869336941733439e-02
-9.155441251361436106e-02
-9.585295449960169745e-02
-8.078685364843879446e-02
-7.943122242260275412e-02
-7.966252464857752347e-02
-6.619468889497617803e-02
-7.102803757855308264e-02
-7.642263328365631048e-02
-5.209157203420203275e-02
-2.617336054347204136e-02
-1.672229660442394253e-02
-1.560571761216608677e-02
-2.379617616959870015e-03
1.842307295345748525e-02
3.354583170583652629e-02
4.597165984008943357e-02
-1.153844635748259816e-02
-1.350666731535274043e-02
3.897708217815229990e-03
-7.856413126823082876e-03
-2.989575060200020187e-02
-3.324989869796994568e-02
-6.366400064018239158e-02
-6.112100998834476412e-02
-4.941862687372022139e-02
-5.424273501108281548e-02
-4.057604556261309309e-02
-4.161473193742020599e-02
-5.236631296733128965e-02
-7.010953865629106219e-02
-6.494651832742807940e-02
-4.739519991681381134e-02
-3.340470415107632540e-02
-2.456618727167768704e-02
4.893069120849627938e-03
2.559943003851948215e-02
2.257162514284314150e-02
2.613145549359709857e-02
3.791669293923912581e-02
2.386774021605777771e-02
2.270115452820731065e-03
1.070227260717399390e-02
4.654059754449870953e-03
1.867249903715240134e-02
2.102917628139093845e-02
3.149924269225910095e-02
1.118987331085466008e-03
-2.275518537065325531e-02
-9.259311071566245221e-03
1.516551407900792146e-02
-1.304430052254043106e-02
-3.888786907556462252e-02
-1.954444450668107666e-02
-3.363925513961493058e-02
-4.917487243024484117e-02
-1.885774539576971776e-02
2.767286271537246212e-02
2.315600532143712465e-03
-2.520709715456479275e-02
9.572867327279936320e-03
4.150404667230544326e-02
1.134800152840079006e-02
4.031569952353759867e-02
4.365008073702997954e-02
1.457968979077239047e-01
-4.591247951215563644e-02
9.338019866012023731e-03
7.519914801449348318e-02
-3.880973527387598238e-02
-4.221398232048269826e-03
1.009568908356455047e-01
1.399659629849525910e-01
1.215728387967083407e-01
8.098366492507905190e-02
4.153260341787768511e-02
2.107937578562519079e-02
-7.426456928359560783e-03
-1.365613500318607620e-02
-3.601819198630686752e-02
-4.254848493959023648e-02
-2.509799951331086187e-02
-4.925277545563759574e-02
-4.855149585966689330e-02
-2.184768278920104848e-02
-1.531268937334957954e-02
-2.101926997045176510e-03
-1.657693833184014157e-02
-4.921228491539990368e-02
-4.385828258757839410e-02
-2.954590353040175213e-02
-2.676992448968764510e-02
-6.506252728754879922e-03
-2.637192358251257834e-02
-1.377499436948142683e-02
6.520843781159260666e-03
3.194205482964118659e-02
2.303101127912158055e-02
3.567813005803900650e-02
-3.855717536861084059e-03
-2.894077277421874816e-02
1.366276127477320315e-02
3.627381421377608162e-02
9.298973061847264077e-02
1.016332812084371484e-01
7.020543573956652961e-02
4.732001916383286877e-02
4.095839498080308672e-02
3.119667337281915170e-02
4.226453484309801445e-02
5.965402475622923195e-02
3.692185291859470531e-02
5.319170530314382139e-02
4.269903352965095933e-02
6.322482681390806381e-02
1.105971573422092485e-01
-1.146312767132863508e-02
-2.583876901464568152e-02
-3.165202451341832257e-02
4.810360128115951511e-03
-1.006326383196167427e-02
-5.744011628023550954e-03
1.360600708653647226e-02
1.727431235372793236e-02
4.734241389172848952e-02
1.615258201881327946e-02
3.057892269787972073e-02
2.817889455517991887e-02
2.048212635314410231e-03
1.063499947605665331e-02
-5.181219423462474216e-03
-7.202359886378948729e-03
-1.548784183974694431e-02
-3.105514060862119008e-02
