6.580212145740435004e-01
4.696494108034798831e-01
3.536157556309340033e-01
2.758649339680393497e-01
2.198544640355127588e-01
1.824354515693717982e-01
1.570291009565229767e-01
1.358154075928496574e-01
1.106569068059816696e-01
9.558922163587962872e-02
8.513846736129108972e-02
8.178695738144604876e-02
7.809625853916789262e-02
7.250629460352198130e-02
6.385032278621717572e-02
5.919994650601100028e-02
4.699305175708078791e-02
4.280990658728987125e-02
4.155334795912903750e-02
4.353877595713144533e-02
4.177063503561106311e-02
3.119793991022461535e-02
3.747206560412994630e-02
3.581278816345424831e-02
2.478414003990958223e-02
2.576801844157262586e-02
3.006120331027997347e-02
3.280753243044796236e-02
2.574922186415559006e-02
2.090488671710783938e-02
1.767427385111889140e-02
1.976173072723034357e-02
1.332380905435730928e-02
1.688040606263532459e-02
1.589898144249377032e-02
9.830801203631455570e-03
1.226697443736280563e-02
1.606511836223804141e-02
1.704387437910845002e-02
1.606761443128010627e-02
1.828242087372823968e-02
1.524056255656180796e-02
6.200640920588446070e-03
7.108209518029365813e-03
1.100797353775537397e-02
9.473034698671245826e-03
3.772527790545956734e-03
-8.277158556838544196e-04
2.398126804582483094e-03
6.090784554668804938e-03
9.798264387410993148e-03
1.453984876252781278e-02
1.710633758903610732e-02
2.190018938150102915e-02
1.656624251275894827e-02
1.665123086075344372e-02
1.538991549028031341e-02
1.245692862737386893e-02
4.845134263063496406e-03
3.285607730490849952e-03
4.952535696380966877e-03
7.723518308612767683e-03
9.301938546234624419e-03
7.251555406210184219e-03
4.775734574712624074e-03
5.845102470407261344e-03
1.327866503999234954e-03
9.714835561037514630e-04
3.174944434817932818e-03
2.526273697698627491e-03
2.177776791969689239e-03
-3.187660631210575708e-03
-1.311949190053127504e-02
-1.770972812403175459e-02
-1.316439342707451110e-02
-1.404804361004826502e-02
-1.041307641839852617e-02
-9.715906701400435844e-03
-3.318618455650990205e-03
4.682987857187658094e-03
8.902462873315531095e-04
1.920177008657366399e-03
-4.535480477961076687e-03
-1.474540521763611145e-03
1.833837909315900192e-03
-5.696685474497004999e-03
-8.298223917271602829e-03
-7.717162106727746065e-03
-4.221257552174274147e-03
1.508969491947611099e-03
-1.792510340846234246e-03
-1.002369416552484002e-02
-1.070909502848489160e-02
-1.864355485133080761e-02
-2.931564067670144880e-02
-3.319072243115463866e-02
-3.748572504969236580e-02
-2.908303719262867251e-02
-3.007521904452343034e-02
-2.120384516373316833e-02
-1.617012450962473924e-02
-2.585739677395396119e-02
-1.097085185116615687e-02
-6.474119550399204913e-03
-1.342400491897356198e-02
-7.650226785228976881e-03
-1.264602088952339852e-02
-1.305046804781242152e-02
-9.566867281352824451e-03
-6.124988073424196891e-03
-6.886560379866030028e-03
2.251059040484045719e-04
7.897926058587084394e-03
-1.754389720048475350e-03
4.038228897413606903e-04
-1.074125049278245323e-03
-5.167856157605397668e-03
-1.868934824864303818e-02
-1.579560260375614117e-02
-1.475007870548725869e-02
-1.475416244905979404e-02
-1.950460457427313429e-02
-1.801284187067945727e-02
-2.945687095949452855e-02
-3.286456014811361959e-02
-2.953760886266119587e-02
-3.079185284151735036e-02
-3.196122303685138694e-02
-2.869117166319642628e-02
-2.677583348317040535e-02
-2.614376150970259063e-02
-3.648561586827706038e-02
-3.560704841200829085e-02
-3.152756048919263393e-02
-3.160295874206128786e-02
-3.131513334088644601e-02
-3.701759669961514343e-02
-3.924911883573441868e-02
-3.632761233480639312e-02
-3.487883024893166650e-02
-3.241153402429312186e-02
-3.163803443133484522e-02
-1.762807140405226597e-02
-1.164172360206254531e-02
-1.860179268538613220e-02
-1.519846120992826045e-02
-2.179132885234414535e-02
-2.235619776530405750e-02
-2.629786871655730163e-02
-1.267756639816324318e-02
-9.006984230736552258e-03
-1.514348807233949559e-02
-2.821992174474122553e-02
-2.235665992050409404e-02
-1.489919789865104018e-02
-1.985378954057117479e-02
-1.922942105206335017e-02
-1.531512375550627379e-02
-1.523344875141593134e-02
-1.553345965908405762e-02
-2.515978252414453539e-02
-2.796172735847158447e-02
-1.941162608300781717e-02
-2.277621039272122519e-02
-2.341533504429018156e-02
-2.861987054782770198e-02
-3.544897961911343959e-02
-4.314577332780590579e-02
-3.322595126574960644e-02
-3.349398516226326922e-02
-2.574751995534103541e-02
-2.023600132840049082e-02
-2.426704165779811420e-02
-2.055681243703635225e-02
-1.763813394063287743e-02
-1.013920067251489546e-02
-9.943836188357150357e-03
-3.131240378391046773e-03
-4.026024427350652704e-03
-1.287639817165789867e-02
-8.518030616100825958e-03
-2.071640825049487350e-02
-1.600334736023876353e-02
-1.510484678010451387e-02
-7.419687139894710730e-03
-8.721483724312530453e-03
-1.129016661448135547e-02
-1.787846438989745129e-02
-6.686833662928559803e-03
-1.275144870816626030e-02
-1.903244192801201162e-02
-5.774800754253839145e-03
-5.599940006887067605e-03
-4.740132801132193770e-03
-1.169766341705214333e-02
-2.927406042908077891e-02
1.984991358266395903e-03
1.674447564134368474e-02
-1.314748264144587064e-02
-1.615837371435109582e-02
-1.733509393622721662e-02
-1.961348284818143287e-02
-2.719075951691154666e-02
-2.628422408329316590e-02
-2.084340052988257683e-02
-2.986129717706517347e-02
-3.402700066438587440e-02
-2.762843932474228631e-02
-2.274481634651639300e-02
-1.384806001196917276e-02
-1.535108661690054270e-02
-6.878456331619115655e-03
-1.578084025978212374e-02
-2.033631845756281309e-02
-1.593125960757734924e-02
-1.915136348955295831e-02
-1.397838398685452219e-02
-3.365475225016132527e-02
-2.746899513943226040e-02
-3.286335685726358286e-02
-2.931068512877754370e-02
-3.039017783043778537e-02
-3.346888584920840182e-02
-2.053470650374713408e-02
-2.611393853322178590e-02
-2.550144996133936123e-02
-2.022182310857304627e-02
-2.627272824804082266e-02
-2.778173869196775767e-02
-2.845625510929300842e-02
-1.643719217545357852e-02
-1.260515243906051679e-02
-2.356914602471691517e-02
-3.295050761867878569e-02
-2.589947409320243407e-02
-2.416540064062667331e-02
-1.457110437452309275e-02
-1.750613795522196550e-02
-3.097933565088386004e-03
-1.451885668530655121e-02
-2.342342086951699695e-02
-3.509905686065502989e-02
-3.949675901757909724e-02
-4.102270261129424556e-02
-5.066912457407680287e-02
-5.551847982403054771e-02
-6.926086591554256322e-02
-6.284167699479213665e-02
-3.215344326307664063e-02
-1.552242791177202777e-02
-6.180627573262219114e-03
-8.781915798098371626e-03
-1.461668439428353422e-02
-8.369743020067477862e-03
-1.922303628680857232e-02
-1.970942876669334529e-02
-1.370295094665378334e-02
-1.242851205394705089e-02
-1.198051084679760750e-02
-1.687459563137728297e-02
-2.035249841710495833e-02
-1.981452389221124641e-02
-2.159473370961730379e-02
-3.289568768031896767e-02
-3.666352370394332372e-02
-2.720478681892373601e-02
-2.917667597538702376e-02
-1.973001024341241444e-02
-2.632647578165608210e-02
-2.478434851230283675e-02
-1.125930143853003974e-02
-1.652204873976375471e-02
-1.416868656087127108e-02
-2.573997291368537981e-03
-7.263398483022765134e-04
-4.435626065427305739e-03
-1.886344915094696068e-03
6.768985676260640301e-03
-3.144265687860568672e-03
-2.185817587562227313e-02
-3.158860874780167888e-02
-3.530450419347526403e-02
-3.162957091008745947e-02
-2.194089165155035590e-02
-1.342264537854785840e-02
-5.658219263794662252e-03
-3.432307085091011387e-03
2.299090249979798741e-03
-7.153897689852563302e-03
-1.971196576118127569e-02
-2.276174783055903011e-02
-1.558115819774288924e-02
-3.809673315361469977e-03
1.361024725966825111e-02
4.526760665122454841e-03
6.545254758610561004e-03
-1.641216783477376581e-02
-1.103380603504204929e-02
-1.505885574320386944e-02
-1.731913984888993480e-02
-2.442016996648126853e-02
-2.799677910718303270e-02
-2.501371332928723629e-02
-1.813196265303728544e-02
-2.304341502892426341e-02
-5.357559766617152330e-02
-6.663321578491276931e-02
-3.465950435377156830e-02
-3.097115199274275490e-02
-2.911745536681973820e-02
-3.618614926528289366e-02
-2.934283883370794252e-02
-1.519005615888723015e-02
-2.330964101753819386e-03
-2.514317099605787448e-03
-4.951589132788539009e-03
-1.326447871747036752e-02
-1.517118282851292674e-02
4.658726072116358211e-03
2.149104632076153862e-02
1.876436362202696384e-02
5.557199866633554496e-03
-1.443479756352014642e-02
-2.340157880827502257e-02
-1.944354382421168911e-02
-1.825820489770823771e-02
-1.837228483595858275e-02
-3.073961412228811904e-02
-3.472291151487056499e-02
-3.986352374306278284e-02
-2.811778626651055893e-02
-1.795295560568370419e-02
-2.189885562581242104e-02
-2.990604289354403464e-02
-4.158838368376471112e-02
-2.283266859524047884e-02
1.518832934416392477e-03
3.631482674750790944e-03
4.736719559164651559e-03
-1.942242328868650988e-02
3.941595459161699976e-03
1.986903885854126098e-02
-2.705568711925581890e-02
-5.013664068343880176e-02
-5.647584248859619654e-02
-6.364988988046665908e-02
-4.946048812747191881e-02
-5.020344491668705944e-02
-4.898781713302709923e-02
-4.389277075377559512e-02
-4.419769516764225636e-02
-4.758148942297389661e-02
-5.471510884057396301e-02
-3.681316333108405198e-02
-2.137463431132543071e-02
-2.669599156401600629e-02
-3.134074351271677605e-02
-3.600271939227086410e-02
-4.068128145339182378e-02
-4.732313426081755786e-02
-5.851795437726216992e-02
-6.002346413547512971e-02
-5.257723213402997614e-02
-4.553948444295588538e-02
-4.479384276159274758e-02
-4.288525393620490345e-02
-3.045450699084929769e-02
-3.780811448417904785e-02
-4.074798597707808556e-02
-2.528314054159138194e-02
-4.164468515768923046e-02
-5.654828008097560754e-02
-6.408137517422761442e-02
-7.553874029106164012e-02
-6.871170616275475151e-02
-5.722371099805637767e-02
-3.155351518037934067e-02
-2.353812250857077043e-02
-1.553514569717180313e-02
-1.396286181133249080e-02
-8.446085219740695135e-03
2.218409287906487025e-03
2.015213266113821677e-02
2.049702381703251072e-02
1.845753678486010060e-02
1.696120672280652985e-03
-1.632801975376251685e-02
-2.443377091604018170e-02
-1.944385366569245654e-02
-3.959070766092366578e-02
-2.134914644140939455e-02
-4.681180045777605381e-02
-3.957172104140539715e-02
-6.530994061811402907e-02
-1.193984039754559731e-02
1.224368534283458952e-02
1.118081823509968140e-02
7.201031107015988184e-03
-3.520559433884440891e-03
-1.703849044361889845e-02
-3.162877731275394455e-02
-3.113516485557860092e-02
-4.863586764433498050e-02
-4.769408346015951983e-02
-2.565539475170512673e-02
-4.064158279983978023e-02
-2.598553938223745891e-02
-4.379202502508253853e-02
-2.365702606147495821e-02
-1.640239053829128588e-02
2.356714678661230716e-03
1.810204888838563148e-02
5.338575856075560185e-03
6.458857810043713843e-02
9.334452346423163793e-02
3.271097405806197567e-02
8.939416957963149113e-02
-5.058982416293945905e-02
-3.147656900727355267e-02
-4.154429404655991115e-02
-6.643855122867986518e-02
-6.645302557166374302e-02
-7.259647543132366487e-02
-6.758631154689001552e-02
-6.984221259164663520e-02
-4.642065264753551107e-02
-4.637249556285763519e-02
-4.831002709167658143e-02
-4.459108455279665872e-02
-4.650325972963926385e-02
-4.300923123705928386e-02
-3.426479296481772102e-02
-3.940666343949205536e-02
-5.439955592357662711e-02
-5.767591402660704469e-02
-7.161672996713618067e-02
-6.923182773560397629e-02
-7.631801234021697022e-02
-6.548368970633329511e-02
-5.469159858607254565e-02
-4.615590371265631403e-02
-3.265207208760135399e-02
-1.718549839688798819e-02
-5.724563871641249850e-03
-1.404662034559963496e-03
2.500481746912403707e-04
-8.763731771077984747e-03
-2.820170467950123758e-02
-6.472103910873017174e-02
-5.562668751343675423e-03
5.509472488642860400e-04
-1.070404431857210426e-03
-1.898182303762995307e-02
-2.053342227036697096e-02
-1.081348806011389434e-02
-1.719565310994284821e-02
-3.244898431459225518e-03
5.680115523096221190e-03
-1.667113330069594154e-02
-3.363299959057086674e-02
-6.555005497403670889e-02
-9.245104579394848587e-02
-9.400452543609026657e-02
-6.955291232951101021e-02
-6.934167760327761276e-02
-6.954544964524875250e-02
-6.665987359914543608e-02
-3.903958220458874501e-02
-5.414584609633987800e-02
-6.073180990582219968e-02
-6.752323175588641202e-02
-7.021740242291850398e-02
-6.766541632238075310e-02
-8.753284603894087579e-02
-9.427996928710338786e-02
-1.012043550846910694e-01
-9.695740965773103071e-02
-9.033770355202458413e-02
-8.216730413386628962e-02
-6.981150236818929600e-02
-4.216543231512223655e-02
-2.637396907284532410e-02
-2.138082863423338906e-02
-2.906105558472000822e-03
-8.263127674442096240e-03
-1.197060902362948043e-03
-6.308423866604998334e-03
-2.543412560172228151e-02
-2.832833198279161371e-02
-2.253652028714211650e-02
-1.657867671971668608e-02
-2.033044448267782092e-02
-1.768220409463684348e-02
-1.182406751859042468e-02
-3.008304222861596031e-02
-3.494768384540838935e-02
-5.062203086614106007e-02
-4.738414335059554922e-02
-5.209419625777928636e-02
-4.777469912633778432e-02
-5.193776558991289316e-02
-4.397247747449584132e-02
-2.185917808753039607e-02
-8.871371693603276667e-03
1.799620919092047300e-02
4.967137704636981343e-02
4.619731828584465461e-02
2.595118231140594242e-02
-2.488437401146473271e-02
-3.252846190140010196e-02
-5.384688590511901851e-02
-5.007920178110148585e-02
-2.397636047522845246e-02
-3.009313491493723070e-02
-1.778912405293506249e-02
-8.796535012995309114e-03
-4.012575285053877894e-02
-3.078927922055353303e-02
-3.593961293980209304e-02
-5.329878120896722887e-02
-6.192386033546416757e-02
-3.140330226804159686e-02
-4.819695912932255022e-02
-4.069205079800633507e-02
-3.148980895731601226e-02
-1.989641945786007476e-02
-2.703462184263804441e-02
-2.172775803852812146e-02
-1.258521521340633933e-03
-3.977526039984487401e-03
-3.532767936634056971e-02
-5.698258740166552844e-02
-4.898315973651931610e-02
-3.284519284554315161e-02
-5.660144852435769480e-02
-2.655447040337920867e-02
-1.908536290514936326e-02
-4.356189830387710571e-02
-6.612574607387460002e-02
-3.898290366999743878e-02
-5.454961265955156346e-02
-8.278746336945547180e-02
2.693403046392318922e-02
5.029508236818138606e-02
7.705015538996655422e-02
8.535066512624625568e-02
6.727790058602146905e-02
6.070080698011695586e-02
6.376301063536025937e-02
5.974568830573987605e-02
2.956555291857639739e-02
8.124522540977502719e-03
-1.347871893841177254e-02
-3.175911497256170279e-02
-3.292930642902545946e-02
-1.155578807422317361e-02
8.880532931722964415e-03
3.074435257787143383e-02
4.074245031879154821e-02
2.621322730688240010e-02
1.267970878032697452e-02
2.112613005513676659e-02
2.344705415839614792e-03
-1.096873647478304598e-02
-6.040993601013757569e-02
1.555790001525863241e-03
-2.153450083222104017e-03
-8.549584435871563498e-03
-1.356249567381314150e-02
-1.746290178920982539e-02
-7.867571551238381616e-03
1.193341163408374178e-02
3.037411433637889763e-02
4.385309561430598968e-02
5.056440771099176418e-02
4.211233774899245802e-02
-3.365433535807346981e-03
-3.133690772995152002e-02
-3.807330391483852022e-02
-5.476012726829050659e-02
-4.169094197296134563e-02
-8.039715264017076313e-02
-1.353164821965504583e-01
-1.406267573284380457e-01
-1.803365522002396137e-01
-1.934927541052392508e-01
-4.075500726343661562e-02
-3.257520074777588148e-02
-3.263765104506901899e-03
1.675739675658990610e-02
4.608305038418387956e-02
4.852802803905678815e-03
2.777394434455648410e-03
-1.822140839107378504e-03
4.718759162431401116e-03
9.789629517320611041e-03
1.865657639499817416e-02
1.395693647369996258e-02
9.095123583078915108e-03
