6.950723063646321309e-01
5.045529000163164746e-01
3.859394646001605977e-01
3.077555219848716050e-01
2.532516205123986897e-01
2.155150662722032928e-01
1.892287486968115551e-01
1.672947821125103374e-01
1.426343785321620150e-01
1.285123458670471841e-01
1.181294894509060528e-01
1.135080490658791907e-01
1.098906335540114354e-01
1.036317922085830262e-01
9.430033198965506736e-02
8.888838510543388416e-02
7.550909013847174889e-02
7.057513408483731543e-02
6.924140606055495528e-02
7.054571725797796622e-02
6.831683576230346278e-02
5.601496905848495078e-02
6.206887749165802132e-02
6.138129599558518612e-02
4.912216276993449510e-02
4.954418068157059873e-02
5.318487801936581244e-02
5.572582656922964867e-02
4.798473498890845623e-02
4.345632222655548826e-02
4.074646714577487283e-02
4.231952781461663371e-02
3.533378194212564993e-02
3.938616549983890713e-02
3.756892053035429391e-02
3.189066094073901569e-02
3.425412178480857772e-02
3.747717584749225839e-02
3.743408002914247468e-02
3.613527136149476127e-02
3.902656721304968712e-02
3.733545256682292701e-02
2.864853295482530648e-02
2.912306384142973950e-02
3.348226894971727957e-02
3.149137895723896907e-02
2.472639170484662585e-02
2.055562491959520358e-02
2.376134481116534691e-02
2.688992619595077793e-02
3.092073860501975621e-02
3.594019956570771585e-02
3.819797492499837216e-02
4.262181618334441591e-02
3.797044408071451743e-02
3.800996254304468691e-02
3.683590403425556631e-02
3.452155383367336294e-02
2.777152315573484104e-02
2.564299873640903463e-02
2.850577159339727495e-02
3.161930183485503476e-02
3.243870233810003390e-02
3.055196780590558117e-02
2.901185374009780313e-02
2.920229676505965016e-02
2.498011086730239291e-02
2.490466380172778882e-02
2.708009312643436597e-02
2.523064271541289316e-02
2.629955951512309362e-02
2.372683737489785297e-02
1.392463053135811063e-02
9.857005138111551990e-03
1.218543464669583770e-02
1.043684282075185710e-02
1.208854928335260752e-02
1.206842681079425654e-02
1.805680367755862006e-02
2.630362115979800394e-02
2.622628855542932444e-02
2.601828002275240539e-02
2.494303368158691525e-02
2.470843306801103964e-02
2.586210945416065818e-02
1.888186446073907704e-02
1.150342555107795178e-02
1.391260767215579154e-02
1.667725533580787650e-02
2.165947927197335240e-02
1.821587504711747255e-02
1.349028518719462902e-02
1.340325878855748963e-02
1.021087512025234054e-02
7.941359544566213569e-03
6.362459928398594977e-04
-4.043660523301947918e-03
1.170690478474005480e-03
4.998238380840448053e-03
2.358532854521911554e-03
3.207663703688672791e-03
3.784669054829888080e-03
9.670685689834779622e-03
1.506453597051025939e-02
8.084934230935482760e-03
1.318877122928721786e-02
8.321264569403663200e-03
8.245740423016156492e-03
1.218775100264849094e-02
1.449182171545138585e-02
1.311218397157946913e-02
1.908145204216307039e-02
2.683377137048049282e-02
1.656311412669462385e-02
1.979678370425214107e-02
2.081190681469514622e-02
1.747484676291056332e-02
3.790232835307341674e-03
5.603252702123411033e-03
6.080020392784591526e-03
5.924076465150914655e-03
7.899071546772079566e-05
2.275959253199993232e-03
-6.910146793068946275e-03
-7.678974797567340166e-03
-3.121027145349224152e-03
-3.218346737445899886e-03
-2.565080449459741091e-03
2.311336252583978679e-03
6.538446013989590577e-03
8.484876237632932999e-03
-1.939364987640614102e-03
-8.158397992619470518e-04
8.528547403335473565e-03
1.263722255455430182e-02
1.925003693534874105e-02
1.519372582512721476e-02
9.885036486346428231e-03
1.041410430398859860e-02
9.673801026843481532e-03
1.011975068302581326e-02
8.976170417381114375e-03
2.597504062715609574e-02
2.970702114836013680e-02
2.284505126506215442e-02
2.749078095209376432e-02
2.127979385034341892e-02
1.145219922591802358e-02
1.773399490352541713e-02
1.126606728017149825e-02
1.455540555838811222e-02
9.080160645787843654e-03
-2.156783259916177781e-03
4.503590974676507930e-03
1.099049504827025701e-02
3.739965864564150783e-03
2.894169703141487998e-03
6.271190001617776497e-03
5.903770715058523702e-03
3.706702764143303408e-03
-5.676790546414872685e-03
-9.189614156772961395e-03
2.044547370777007045e-03
8.651843129198581728e-04
2.340122818733577498e-03
-2.974221500752875780e-03
-9.935411991560921807e-03
-1.742478845189695050e-02
-8.780670763933122458e-03
-8.770928320674449552e-03
-7.766654778559103911e-04
5.361258562531983490e-03
2.157948990856847771e-03
4.672336051979565641e-03
5.047096895301642766e-03
1.294907541755807232e-02
1.546755087050485922e-02
2.191009180219437302e-02
2.056526087400081804e-02
1.007434368926177735e-02
1.319802164501769626e-02
2.067533406230819687e-03
8.819748185576216370e-03
1.127746933950342367e-02
1.732349779277698315e-02
1.616720732114703546e-02
1.615126013834369129e-02
9.494903635448567747e-03
3.252821109017590973e-02
1.319215544077451813e-02
8.228655591399680613e-03
2.005057825550263587e-02
1.969370139735657568e-02
2.387864613332578434e-02
1.533019891848146424e-02
-1.178131933700882900e-03
3.654007540382949587e-02
5.656236507433182181e-02
1.309134444643492851e-02
8.418438544102100490e-03
4.447912758216734236e-03
2.853310120316868842e-03
-4.885000516726974162e-03
-4.164126122323162649e-03
1.782023390529994394e-03
-6.461026468829938335e-03
-8.705391204128335586e-03
-1.564350844479221736e-03
1.747253230525228074e-04
9.131820657218609957e-03
1.135315394951018179e-02
2.111919649416427180e-02
1.195280291771614808e-02
4.153554379667936253e-03
1.324442235287090139e-02
5.734906424312465056e-03
2.611750929580506156e-02
-8.307342680993475698e-03
2.120340916987886737e-03
-6.436841289210792905e-03
-4.978661215092571035e-04
-3.122577450661308263e-03
-3.241730455813527506e-03
6.873321639479797185e-03
1.469198814049731822e-03
1.147144959982322049e-03
9.566504758389989677e-03
-9.876716448609518251e-04
2.696988253883123715e-03
-5.615376301662845793e-04
1.325900327088686340e-02
1.956618858125080268e-02
1.069471593037935736e-02
1.342497129893510666e-05
4.924082060262086752e-03
5.537308793190115486e-03
1.638062112529745790e-02
1.296720629792027374e-02
3.595018161286690078e-02
2.083211037183703429e-02
9.401105988595195168e-03
-8.270410751828188856e-04
-7.686269798673789344e-03
-1.051017575693927522e-02
-1.976689813132286380e-02
-2.358305042345167774e-02
-2.729096809143415070e-02
-2.425812577105278950e-02
-5.489350837475925893e-05
1.714118489438027151e-02
3.130323864571280673e-02
3.473446310504667289e-02
2.325323873218167886e-02
2.625723510573935507e-02
1.475610847571658460e-02
1.403667419909778932e-02
2.006072382195672743e-02
2.257578724260222297e-02
2.425624448319408169e-02
1.949779743497355444e-02
1.598037376625539158e-02
1.886560411830852033e-02
1.598442997505302929e-02
3.064830756756301011e-03
3.504716963145249053e-04
5.490020376731144514e-03
1.943300594515948859e-03
1.255503590644675010e-02
7.518459999213182587e-03
8.466462804361862826e-03
2.284921389039600709e-02
1.989438730111019876e-02
2.523811430625513830e-02
3.399212200477265411e-02
3.451676053061225602e-02
2.788688310855386154e-02
2.530824583933196856e-02
3.531217995153795863e-02
3.070820199279199886e-02
1.843310171830745900e-02
1.232142149750396071e-02
9.259073659464114869e-03
9.674656208747946240e-03
1.858972834469735033e-02
3.227906734875134187e-02
3.970977381234884473e-02
3.967688463616603906e-02
4.656499147952945783e-02
3.037291574219545126e-02
1.296885489022898269e-02
1.274799924850688465e-02
3.288453496685662947e-02
5.323944102418058655e-02
8.638310498403349580e-02
7.804018511469559827e-02
7.841621616003441320e-02
1.690690059601962850e-02
2.766727240020464343e-02
2.418577524351174513e-02
2.482802519585774331e-02
1.908270731391939479e-02
1.588836361888564669e-02
1.640675578814790314e-02
2.430162997978847772e-02
2.336138382991631568e-02
1.533682579216653907e-02
1.253627772400187079e-02
8.722178462536964161e-03
1.189666498220210908e-02
1.250241662480839830e-02
5.836459690029563441e-03
1.148541882185149729e-02
2.827838454618990943e-02
4.238502253384481000e-02
4.130548232202467529e-02
3.623928824208477034e-02
2.966425841133367089e-02
3.391690849672271413e-02
5.819547542012924041e-02
7.359031121920825425e-02
6.676446384778875198e-02
4.760304762682132651e-02
2.510305771134109520e-02
1.805732647523437817e-02
2.433993898497801775e-02
2.816231606567914589e-02
3.706789000990811517e-02
2.894798160641521081e-02
2.587766373178226192e-02
2.241614102561927807e-02
3.438860554947177628e-02
4.665143020146916841e-02
4.445544999514718099e-02
2.156812517930680254e-02
6.624778461435797128e-03
4.959515432218279674e-02
7.710841948488704467e-02
6.768467801615805912e-02
8.412896408235336076e-02
4.648421097912479316e-02
7.960902289076053628e-02
1.102793602870557610e-01
2.342846834604351072e-02
-3.574127745315396065e-03
-8.873631018844189977e-03
-1.825045075433993219e-02
-3.503487907796073997e-03
-5.651858694112166237e-03
-3.921229916872118193e-03
1.682130303588755260e-03
5.009153024824929135e-03
9.411733902510419081e-03
2.682140521178336123e-04
1.598238934636882214e-02
2.963464516148999958e-02
1.613104414526278160e-02
1.232118450497868278e-02
9.326549691656034480e-03
4.026276779833831698e-03
-2.516534993480777638e-03
-1.508232273661282846e-02
-1.554886667370209558e-02
-5.447946318246008057e-03
-4.496322575308145386e-03
-7.216811846418036414e-03
-2.626409263870040089e-03
1.024639019294130982e-02
4.382767708345634838e-03
3.287742746715810460e-03
2.826260509560719544e-02
-5.142729626600270332e-03
-1.785193629474937649e-02
-2.413552186694872814e-02
-2.767454099219950753e-02
-1.349046369244007171e-02
-6.187620684064060184e-03
1.420802152316234107e-02
2.069564913294501263e-02
2.691937713134999813e-02
3.005660355746776410e-02
3.967830291538902016e-02
4.650964939475298737e-02
7.792209411482615977e-02
7.688147856457072660e-02
7.215424164790762429e-02
5.287385500634922408e-02
3.322755326827905170e-02
1.922341447913576001e-02
1.457735968135000226e-02
3.660266078077199781e-03
2.509324013820511678e-02
-4.604061699759895432e-03
2.553599912184428833e-03
1.637008121792656035e-02
2.852574951310048526e-02
6.719709725170264214e-02
6.226535507164374095e-02
6.317768655637399922e-02
5.228969887970737196e-02
2.715791896455503271e-02
1.632845038291414613e-02
2.514995757294483103e-02
-1.915009918728775851e-03
8.354081739906919768e-03
4.094140684370632666e-02
1.321769808353965431e-02
3.540456923025079444e-02
7.491675721622896578e-03
3.408959981257753125e-02
4.280137965075052342e-02
6.865017031826860239e-02
9.801013247939821538e-02
1.066925025678419486e-01
2.351761272858849949e-01
3.127985583013700444e-01
1.632323461400989884e-01
3.321341708616667443e-01
2.212976689265555574e-02
1.363413884317404151e-02
4.617511920904489309e-03
-2.256967066948658424e-02
-1.816533432525862385e-02
-2.131700803458220356e-02
-1.529530752102040841e-02
-1.610854742319189903e-02
1.468445245022768908e-02
1.167438203103877276e-02
9.170718995574152210e-03
1.547391442834946534e-02
9.325410487488146327e-03
1.063364327100753404e-02
3.188332428649823941e-02
3.289885055808904751e-02
1.828966623860244639e-02
1.200954570633662455e-02
-1.053381492428488025e-02
-1.028332406802331955e-02
-1.559554087124055688e-02
3.835035367681483010e-03
1.960166513221016371e-02
2.575945590587540995e-02
4.817094853817286554e-02
7.537184289933784864e-02
9.518858848096424519e-02
9.238317151060487786e-02
7.867872172319219370e-02
7.117283751813736903e-02
5.885283740028010580e-02
6.102346803647917817e-02
7.040648123185759555e-02
8.433904365918855339e-02
8.775007422011486813e-02
6.283420268868425418e-02
5.367828129740212506e-02
5.776638411192618061e-02
5.423574976526801539e-02
1.122577164885616985e-01
1.489120000497266283e-01
9.235989762098939515e-02
6.279865380174262657e-02
6.172512636547736187e-03
-4.131255939556316426e-02
-4.160439897024191536e-02
-6.772913073823258467e-03
1.091837856110680627e-03
1.677626824754750723e-02
2.317797739749548336e-02
5.225320554776636400e-02
3.476922744271911114e-02
2.559587854480235153e-02
1.532770882248776778e-02
5.537160920480052595e-03
-8.656435990787442192e-04
-2.767262367841535203e-02
-4.259794395941737116e-02
-5.495416901846647550e-02
-4.452834352992134787e-02
-2.453053440717244127e-02
1.353741023017648870e-03
2.795671273291559789e-02
6.177342173951247406e-02
6.925016549492332696e-02
6.184442729404045214e-02
6.991738027196041372e-02
5.929942122399760318e-02
6.816826381308677130e-02
5.551604626262904296e-02
2.546161990594355065e-02
1.854610877839492702e-02
2.849608608689984182e-02
4.728934511954174802e-02
4.577479118455110574e-02
5.334036497948752009e-02
5.742571065504153971e-02
3.937074922640654284e-02
2.235095888081374549e-02
8.460808869561464718e-03
4.574552904394506292e-03
-2.199502647724366211e-04
4.524731360059833229e-03
1.325480662603471804e-02
2.808139851926064190e-02
5.088662596503362723e-02
7.966236496180689741e-02
1.169275443998245984e-01
1.635148871244566648e-01
1.690760513652588282e-01
1.469326882961654590e-01
3.819142649413365120e-02
3.413094620705964255e-02
1.500116755121971845e-02
9.868813012249032235e-03
2.505953104440028154e-02
1.804529178288082070e-02
4.885700345610090312e-02
5.831968359948182246e-02
7.516784029043425963e-03
1.689893848506646493e-02
2.239023754056988780e-02
1.170947383649498935e-02
-1.310043478408557532e-02
2.069619042171873952e-02
-8.649274450027374939e-04
3.267466754354686476e-03
1.677567736638096302e-02
4.006985000301583472e-02
2.700983537063107731e-02
3.271653104958793801e-02
5.354732319353557729e-02
5.604807843243574811e-02
2.246839847250376582e-02
1.016253546152005166e-02
1.956934687204264778e-02
4.654705078781134348e-02
2.754329459902214727e-02
7.204052032330296451e-02
7.033384459738445393e-02
2.309761472048614539e-02
1.716111170818739040e-02
2.395093942142843130e-02
3.746507255888353871e-02
9.375720750872409970e-02
1.298999432204037408e-01
1.771766924631086870e-01
2.135692042540169311e-01
2.138322536066482038e-01
1.808051699678857038e-01
1.622020896233316578e-01
1.531728584710143615e-01
1.416071206794555226e-01
1.072079537894748691e-01
8.491108502897878885e-02
5.864549039130114577e-02
5.134820663148338682e-02
4.881390783455011317e-02
5.826497435339651060e-02
7.205247572559891900e-02
1.013111016455614244e-01
1.164647917180284264e-01
1.086098998472822680e-01
1.019544612959421004e-01
1.059379850487782021e-01
8.130090431555420105e-02
8.675005344410430252e-02
9.172330486132082572e-02
6.744531611539339444e-02
6.121478136846201373e-02
4.877430809791778732e-02
4.867324282141284597e-02
5.146819072480625368e-02
6.596915977917261475e-02
9.351991981674329102e-02
1.163254701900323096e-01
1.392287398134803844e-01
1.583806209703159940e-01
1.263161885466455026e-01
6.891342418862829444e-02
3.988497880367004172e-02
3.633002247292334980e-02
1.828270826411602934e-02
2.884727328563740922e-02
5.109881250626992222e-02
1.022363750284878414e-01
1.314811552578163956e-01
1.622105266755676511e-01
1.450931868909615674e-01
3.340340024401958208e-02
3.285867353754545750e-02
7.406792535277378908e-02
1.055025446944426598e-01
1.587815302214788671e-01
9.463841385349743007e-02
9.706078268333394321e-02
9.549575501725381110e-02
1.056352611928500496e-01
1.050515055168302209e-01
1.206475469560919223e-01
1.170121428634190858e-01
1.023537278019821944e-01
