1.385548950272336599e+00
5.167505094476957161e+00
1.116793365490499568e+01
1.925855001579985881e+01
2.932470823265595072e+01
4.128496685207140615e+01
5.507930713823523661e+01
7.066267423987038399e+01
8.799055513443758514e+01
1.070453440155734057e+02
1.277943647715720346e+02
1.502300134100339335e+02
1.743296847555371585e+02
2.000864071235970698e+02
2.275039012761050685e+02
2.565583725885908848e+02
2.872433440693051807e+02
3.195318885470660462e+02
3.534125138392819849e+02
3.888857131517510766e+02
4.259513967592893096e+02
4.646216615661259652e+02
5.048922738445064624e+02
5.467496591801534578e+02
5.901729944647855746e+02
6.351410695033251841e+02
6.816314416479825695e+02
7.296757565717373382e+02
7.792451737467081330e+02
8.303244649991460165e+02
8.829087304277441035e+02
9.370022037284745693e+02
9.925986526298739818e+02
1.049681131271616096e+03
1.108263700015816312e+03
1.168333604873118702e+03
1.229894295468292057e+03
1.292956162831706024e+03
1.357496699482237318e+03
1.423542115816979731e+03
1.491091125167111841e+03
1.560149127596497465e+03
1.630693745625490465e+03
1.702668110331496791e+03
1.776097862105988952e+03
1.851019535040889650e+03
1.927446564828548617e+03
2.005343359694812534e+03
2.084708551745168279e+03
2.165545252125908974e+03
2.247824601556323159e+03
2.331579526210603944e+03
2.416730741436649168e+03
2.503330292610944525e+03
2.591372645049316361e+03
2.680847056552155209e+03
2.771739500663174567e+03
2.863988538063400028e+03
2.957626079287720131e+03
3.052640949845589148e+03
3.149023769409871875e+03
3.246765067963876390e+03
3.345833066528257859e+03
3.446276217905807698e+03
3.548096725829239404e+03
3.651426033135427133e+03
3.756151802437854712e+03
3.862314495174657168e+03
3.969771867844867302e+03
4.078571889063776325e+03
4.188640972192506524e+03
4.299975058964888376e+03
4.412645167793069959e+03
4.526756119300325736e+03
4.642300911948234898e+03
4.759313722956952006e+03
4.877738029982727312e+03
4.997541790666164161e+03
5.118638841315791979e+03
5.241025813665016358e+03
5.364622223887739892e+03
5.489478821264217913e+03
5.615588467519192818e+03
5.742978003920654373e+03
5.871659386447850920e+03
6.001674431931548497e+03
6.133115358428420222e+03
6.265843721262493091e+03
6.399803480943573959e+03
6.535086103414349054e+03
6.671719507913553571e+03
6.809721187610845845e+03
6.949249124128127733e+03
7.090172414432883670e+03
7.232637461060188798e+03
7.376665096898442243e+03
7.522098070209036450e+03
7.669016523712389244e+03
7.817325779594215419e+03
7.967073558086002777e+03
8.118434278623712089e+03
8.271415294917573192e+03
8.426180888334971314e+03
8.700808252351613191e+03
8.860619223492667516e+03
9.022027005865371393e+03
9.184929762291456427e+03
9.349278105249924920e+03
9.515047478822156336e+03
9.682286631731296438e+03
9.850646685438838176e+03
1.002043379240408285e+04
1.019157347303284405e+04
1.036422730528676948e+04
1.053844712294729106e+04
1.071421193285847039e+04
1.089135144113106799e+04
1.107007249506863445e+04
1.125007394028935414e+04
1.143145040954707292e+04
1.161427134532129276e+04
1.179842098298289056e+04
1.198390158611811967e+04
1.217061745120144406e+04
1.235873044948310780e+04
1.254830380608451924e+04
1.273919568416968832e+04
1.293129622131838187e+04
1.312487839052415620e+04
1.331988030323890052e+04
1.351628541383460833e+04
1.371390060208415343e+04
1.391273756151093585e+04
1.411283855257351388e+04
1.431425576570476005e+04
1.451732770051728949e+04
1.472176062577537778e+04
1.492724982572255249e+04
1.513399738871888985e+04
1.534202918998829409e+04
1.555143648457256677e+04
1.576204540894748061e+04
1.597384259127233054e+04
1.618661951839383801e+04
1.640071874011218461e+04
1.661560843532274157e+04
1.683199888451830338e+04
1.704942540083525819e+04
1.726753969420783687e+04
1.748731154794303438e+04
1.772466385056181753e+04
1.794701139298849012e+04
1.817068290377052472e+04
1.839588844883481579e+04
1.862286958669856176e+04
1.885177171590892976e+04
1.908251780867704656e+04
1.931469068261633220e+04
1.954825123689752218e+04
1.978323306376848632e+04
2.001941487678243720e+04
2.025674025641198386e+04
2.049527283416710634e+04
2.073484049695789872e+04
2.097581530178469256e+04
2.121859099392048302e+04
2.146259199364362939e+04
2.184752274251441122e+04
2.209571765527131720e+04
2.234514058787786780e+04
2.259607244172004357e+04
2.284807893126185809e+04
2.310092973784160858e+04
2.335521539487565315e+04
2.361058775486321247e+04
2.386693108457238122e+04
2.412461036512657302e+04
2.438322475473413579e+04
2.464310461578477771e+04
2.490403362014574304e+04
2.516631722926444490e+04
2.542918905637251009e+04
2.569284563773380069e+04
2.595674841807842313e+04
2.622150025700554761e+04
2.648602202821073661e+04
2.675114037430277313e+04
2.701711313415562108e+04
2.728366023064892215e+04
2.755114070600405466e+04
2.781992844886848616e+04
2.808989778985610610e+04
2.836308060557848876e+04
2.863771974744433464e+04
2.891532657221910995e+04
2.919487727589286442e+04
2.947513793922476907e+04
3.007183776427691191e+04
3.035509261492255609e+04
3.066784043959294286e+04
3.095665265560004627e+04
3.124615120383406247e+04
3.153640809899029045e+04
3.182767608506109536e+04
3.211965054846413113e+04
3.241235212500202761e+04
3.270658826627112649e+04
3.300211666415351647e+04
3.329898979751283332e+04
3.359727924122045806e+04
3.389686595803558157e+04
3.419833274852183968e+04
3.450087590202460706e+04
3.480566395335533889e+04
3.511092400430866837e+04
3.539929469082115247e+04
3.570851875847254996e+04
3.601740110355694924e+04
3.675898004752182896e+04
3.707392364987263136e+04
3.738995473811926786e+04
3.770718709614393447e+04
3.802575197864840447e+04
3.834585130148501048e+04
3.866828368897735345e+04
3.899187914220387029e+04
3.931816196988119918e+04
3.964604656755776523e+04
3.997605976272853150e+04
4.030624534285904519e+04
4.063817362200336356e+04
4.097027172873761447e+04
4.145497194728984323e+04
4.178674453140905098e+04
4.211889259471050900e+04
4.248334916535515367e+04
4.281793228400478984e+04
4.315318330695990153e+04
4.348888107896925794e+04
4.382461967301351979e+04
4.416088832574606931e+04
4.449886436602973845e+04
4.483707119793488528e+04
4.517640474008993624e+04
4.551706244547883398e+04
4.585732381517020985e+04
4.619865462370970636e+04
4.654074177227678592e+04
4.688492288865845330e+04
4.722780154047496762e+04
4.757004289682849776e+04
4.790951418726300471e+04
4.824367267535359133e+04
4.858420294382015709e+04
4.734711811614978797e+04
4.768261697893869132e+04
4.801873672859081125e+04
4.835560828760730510e+04
4.869303382593996503e+04
4.903110447567951633e+04
4.936979751030511397e+04
4.970950454319032724e+04
5.005057583103403158e+04
5.039258857693935715e+04
5.073614647053356748e+04
5.108134745410140022e+04
5.142692119401427044e+04
5.177298083688965562e+04
5.212054752062210173e+04
5.246908089882260538e+04
5.281906199949562870e+04
5.316878515764728945e+04
5.351788512165639986e+04
5.386895877697227115e+04
5.422415943946733751e+04
5.450086361614077032e+04
5.485986234203012282e+04
5.521954568881123851e+04
5.558067081363610487e+04
5.594314218183005869e+04
5.630654331947248284e+04
5.667119159398373449e+04
5.703690054518179386e+04
5.740334919304492360e+04
5.777083557183085213e+04
5.814065100874873315e+04
5.851326650154648087e+04
5.888746920386199781e+04
5.926225484145993687e+04
5.963806848353434179e+04
6.001620269973533141e+04
6.039550152130961214e+04
6.177103143439698033e+04
6.215484587699253461e+04
6.253526097127347748e+04
6.291328716026491747e+04
6.329116744340887817e+04
6.435446532905436470e+04
6.473840458930470049e+04
6.440684931200438587e+04
6.479589444182155421e+04
6.518762439774994709e+04
6.558274430508853402e+04
6.598042752543989627e+04
6.637916630703749252e+04
6.677769589136645664e+04
6.717750161062824191e+04
6.757650504101628030e+04
6.723478735307393072e+04
6.763046211439551553e+04
6.802827923193464812e+04
6.842761670251005853e+04
6.882836987522125128e+04
6.923115618424379500e+04
6.963610567531772540e+04
7.004285457152710296e+04
7.045146999327736557e+04
7.086183075858379016e+04
7.127204330734843097e+04
7.168211949148717395e+04
7.209078594620253716e+04
7.250013429926434765e+04
7.290860951392776042e+04
7.331725653005293861e+04
7.372532390566077083e+04
7.335715726243764220e+04
7.376440042737485783e+04
7.417199313540512230e+04
7.457941466914305056e+04
7.498643391711781442e+04
7.539428664142443449e+04
7.684577719824611268e+04
7.725930513670436630e+04
7.767275143662584014e+04
7.808775496453186497e+04
7.850471245918556815e+04
7.892648988359572832e+04
7.935456156420147454e+04
7.978797735126546468e+04
8.022462349410963361e+04
8.066572607123653870e+04
8.398304764826710743e+04
8.443901347336509207e+04
8.368649641100497684e+04
8.412964608490397222e+04
8.457403424369439017e+04
8.501850631785264704e+04
8.546668411597207887e+04
8.591507792706090549e+04
8.635848428530333331e+04
8.679921579967958678e+04
8.723898454174021026e+04
8.697036007687680831e+04
8.742400505394351785e+04
8.787728372865766869e+04
8.832599052811074944e+04
8.942733246382526704e+04
8.988386780923562765e+04
9.033534404794301372e+04
9.078438358812002116e+04
9.123133810810672003e+04
9.167638045362125558e+04
9.212661955307677272e+04
9.256989160165825160e+04
9.301044441504206043e+04
9.347021058101524250e+04
9.413145855084192590e+04
9.459249712387091131e+04
9.504394257413540618e+04
9.549443591119621124e+04
9.592969678566441871e+04
9.704743458555071265e+04
9.751572997001357726e+04
9.798494615631214401e+04
9.845560673908483295e+04
9.892755131564594922e+04
9.940031206714846485e+04
9.987307098238138133e+04
1.003442020813989657e+05
1.008148099628162890e+05
1.012836046792437555e+05
1.017503461435082136e+05
1.022151127431452915e+05
1.026788473758383479e+05
1.031435430128394655e+05
1.036090330796959315e+05
1.040725174096644041e+05
1.045346082647196163e+05
1.049966196868318948e+05
1.054593220470342785e+05
1.059248638569990871e+05
1.063920979546565795e+05
1.068590240774951089e+05
1.073273963355543383e+05
1.077985003096734872e+05
1.054506243275597517e+05
1.059051547717241920e+05
1.063568441046541557e+05
1.068050144993572758e+05
1.072518099698811129e+05
1.068668273419581528e+05
1.073048991384624387e+05
1.080323398947888054e+05
1.084725875158050039e+05
1.089123539437717118e+05
1.093513132520131330e+05
1.097885247099488042e+05
1.102245922038546996e+05
1.106607773801886651e+05
1.110958439154950465e+05
1.115304567488863395e+05
1.119629394147651037e+05
1.123914234079992602e+05
1.128193791496002377e+05
1.132430140314801683e+05
1.136653597280046233e+05
1.130066455568403908e+05
1.134425767013074656e+05
1.142034406932471757e+05
1.146505482190502371e+05
1.160913443345338455e+05
1.139689984242959472e+05
1.144249764577933965e+05
1.148806224164293671e+05
1.153353162063234631e+05
1.157903027312814957e+05
1.162461742245618370e+05
1.167026292897777748e+05
1.171602551570178475e+05
1.176190124943494739e+05
1.180780615833315242e+05
1.185363049866916699e+05
1.189943116220054217e+05
1.194515200968798017e+05
1.199081082965416135e+05
1.203645993753458897e+05
1.208208376343044802e+05
1.212773659920275095e+05
1.217315588942096801e+05
1.221856669920968125e+05
1.226416155282597756e+05
1.230999144930030743e+05
1.235596580604825285e+05
1.240188478658229578e+05
1.244780509940917691e+05
1.249406698573542235e+05
1.254059960949060769e+05
1.258712396034612611e+05
1.263367646449475578e+05
1.268044318215544918e+05
1.272762121290360665e+05
1.294214970599236112e+05
1.298976667467492516e+05
1.303731650755021255e+05
1.308487835730580555e+05
1.313240397340293857e+05
1.317996780229015567e+05
1.322827408184447268e+05
1.327750418783014175e+05
1.332696649605179555e+05
1.337648534456440830e+05
1.342601122167538560e+05
1.302839504487931554e+05
1.307540551451209176e+05
1.312174479551511176e+05
1.290617925861364492e+05
1.295256545364494523e+05
1.299882129302032117e+05
1.304485842230631824e+05
1.309081880355424073e+05
1.313666339421989396e+05
1.318257221497948049e+05
1.322829297615417454e+05
1.327379584196296637e+05
1.303943256779642834e+05
1.308395676169016951e+05
1.312828231735086301e+05
1.317224839694879483e+05
1.321590154236166854e+05
1.325935222872612067e+05
1.330263308104717871e+05
1.334598929986355943e+05
1.338945162223741645e+05
1.343332856622425315e+05
1.347773260265644058e+05
1.352256324868178344e+05
1.356781373702000710e+05
1.361319667588440061e+05
1.365847043067807099e+05
1.370357927098210785e+05
1.374884414566080668e+05
1.379443253345622797e+05
1.384016510062517191e+05
1.388602315511004417e+05
1.393163642988146748e+05
1.397691637727600755e+05
1.402159448464523884e+05
1.406593871885700792e+05
1.411032712391064852e+05
1.425804737740782439e+05
1.430604766704617068e+05
1.435385523531672370e+05
1.440167359411296202e+05
1.444953803352972318e+05
1.449756292741222132e+05
1.454556122493452858e+05
1.459370449940628314e+05
1.464184476923934417e+05
1.468975877788065991e+05
1.442325401161020854e+05
1.409358512602999690e+05
1.413960263691894943e+05
1.418521997852578061e+05
1.463577364597560081e+05
1.468081642537779990e+05
1.472585526759340428e+05
1.477109620554664580e+05
1.481674778667549836e+05
1.486284955167363223e+05
1.490899854762703180e+05
1.495491948198310565e+05
1.500068233245621086e+05
1.504594873487280274e+05
1.509022471683375770e+05
1.439762210378177406e+05
1.444370045441425755e+05
1.448989969302740064e+05
1.453635624822419777e+05
1.458294554647735786e+05
1.462949171937318170e+05
1.467608534063403204e+05
1.472262479113932932e+05
1.476918391472588410e+05
1.481593770674635889e+05
1.486267309721544734e+05
1.490871831978836854e+05
1.495436513907133194e+05
1.499985612651659176e+05
1.504564415284993011e+05
1.509063047645189508e+05
1.513672409533892060e+05
1.518292985591655015e+05
1.522917384053280111e+05
1.475919716043544468e+05
1.480175538977758260e+05
1.484421200456933584e+05
1.488685704225173104e+05
1.492945496434594679e+05
1.497215993555879686e+05
1.501507252964783111e+05
1.505754671916710213e+05
1.509949945015339181e+05
1.514187282737342466e+05
1.518469410349252576e+05
1.559034326497829170e+05
1.563498941513210593e+05
1.532982444513819646e+05
1.537415877300091670e+05
1.541828825772325508e+05
1.546373975498845975e+05
1.550911934633472119e+05
1.513385615439781104e+05
1.517910212118589843e+05
1.576677412875693408e+05
1.581593656143061235e+05
1.586539968019630469e+05
1.554175955586125783e+05
1.559033355053301202e+05
1.563890789242071914e+05
1.568768924339882797e+05
1.573671664353889646e+05
1.578587849685356487e+05
1.583548960489494493e+05
1.588483562188382784e+05
1.593402047855157871e+05
1.598281633936552971e+05
1.603154664355969871e+05
1.608005345875591447e+05
1.612759197525041818e+05
1.617480447704705293e+05
1.622209691122624208e+05
1.553629639959021588e+05
1.558092527869337355e+05
1.562531361375452834e+05
1.566937340578875737e+05
1.571227201411229908e+05
1.575501282050600857e+05
1.626479488251645234e+05
1.631208185607134365e+05
1.635864542712134717e+05
1.640501911730870488e+05
1.645088774593287089e+05
1.547864625631443341e+05
1.552272138938498392e+05
1.556678603178769990e+05
1.561070738423297007e+05
1.565510699276627856e+05
1.569936715674342122e+05
1.574329570849455195e+05
