2.828538375771287861e+00
1.053108454355175638e+01
2.279896263968576875e+01
3.939946632940532822e+01
6.018037467542363572e+01
8.499202556153650789e+01
1.137674823399875663e+02
1.464631772005159576e+02
1.830052355247314608e+02
2.233748936082010346e+02
2.674683940641264144e+02
3.152584686464535366e+02
3.667132699595879899e+02
4.217977738709274718e+02
4.805711158674617423e+02
5.429999482210879478e+02
6.091062192347718565e+02
6.788516904547306012e+02
7.522635789083710733e+02
8.293624517516944934e+02
9.101254459409703941e+02
9.945697736552075412e+02
1.082666957608789289e+03
1.174417535750387742e+03
1.269816743679075898e+03
1.368776547949950327e+03
1.471220837517770406e+03
1.577168092188784613e+03
1.686637126137650284e+03
1.799588773814016349e+03
1.916079553500210977e+03
2.036077083015506105e+03
2.159505445422278626e+03
2.286430383134244948e+03
2.416794501164269150e+03
2.550506017931420956e+03
2.687639897033669058e+03
2.828188150482290439e+03
2.972199849767685009e+03
3.119650063498931559e+03
3.270534361553649433e+03
3.424939914856568066e+03
3.582835752219100868e+03
3.743973693683217334e+03
3.908506813703196713e+03
4.076498349753654566e+03
4.247817121771770871e+03
4.422696257844496358e+03
4.601135244978538140e+03
4.783092713080367503e+03
4.968708131013963794e+03
5.158143183641911492e+03
5.351228539553294468e+03
5.547964776701634037e+03
5.748421633974373435e+03
5.952465801418338742e+03
6.160185553201215043e+03
6.371445290996694894e+03
6.586506829179599663e+03
6.805403933596464412e+03
7.027715470428340268e+03
7.253512191542274195e+03
7.482859346940354953e+03
7.715873849659599728e+03
7.952564341629216869e+03
8.192804781628899946e+03
8.436540032156397501e+03
8.683953359562496189e+03
8.934998918803858032e+03
9.189769514618810717e+03
9.448271279252647219e+03
9.710738221177700325e+03
9.976758848548772221e+03
1.024649203621969900e+04
1.051962705838700094e+04
1.079610974664202695e+04
1.107526614589060955e+04
1.135669251131367855e+04
1.164141216570523466e+04
1.192887336081762805e+04
1.221930848685481760e+04
1.251317083766578617e+04
1.281055834954700003e+04
1.311229822943812542e+04
1.341753323727351926e+04
1.372709972916984043e+04
1.404114806540861173e+04
1.435936700190197189e+04
1.471474416868218759e+04
1.512036623734338718e+04
1.544815120558325361e+04
1.577925526515826277e+04
1.611380004100184851e+04
1.645165513569140603e+04
1.679313620817776246e+04
1.713814054369912265e+04
1.748667662424163063e+04
1.783909009333928771e+04
1.819521105771800649e+04
1.855483475601419923e+04
1.891768032237807347e+04
1.928389677212332026e+04
1.965369281853783832e+04
2.024550474833356566e+04
2.062621955157429693e+04
2.100930357844955506e+04
2.139559028149753067e+04
2.178547597439881429e+04
2.217908021579121851e+04
2.257548942812123278e+04
2.297495539810941409e+04
2.337766970375756136e+04
2.378351951569371886e+04
2.419298625330680807e+04
2.460608616093015371e+04
2.502324215248120163e+04
2.544378923732430121e+04
2.586767912855384202e+04
2.629442699244067626e+04
2.672481946937335306e+04
2.715889106974931565e+04
2.759639201871684054e+04
2.803702532606089517e+04
2.848054348718741676e+04
2.892751091855408595e+04
2.937808339730133594e+04
2.983231358258327236e+04
3.028967747779763522e+04
3.075036459257702518e+04
3.121423877163777797e+04
3.168132896549249563e+04
3.215218500550116732e+04
3.262550350782144960e+04
3.310257402644040849e+04
3.358368202990626014e+04
3.406864599111684947e+04
3.455688077534938202e+04
3.504795149494199723e+04
3.554227731253913225e+04
3.603923787341859861e+04
3.653847065669988660e+04
3.703864384706907731e+04
3.754099668107285106e+04
3.804689063336656545e+04
3.882275787383105489e+04
3.933800963203243737e+04
3.985418635912038008e+04
4.037364862747117877e+04
4.089524326635550096e+04
4.164013434538707224e+04
4.217224047955284914e+04
4.270963822298053128e+04
4.325130945535025967e+04
4.379717179513074370e+04
4.434704651571455179e+04
4.489947901118917798e+04
4.545290470277371787e+04
4.600667558619363990e+04
4.656276745707542432e+04
4.712094275888352422e+04
4.768461364387589128e+04
4.825674559870907251e+04
4.883319259262395644e+04
4.940546816141901218e+04
4.997385600149063976e+04
5.054150275030327612e+04
4.981763630774494231e+04
5.038685585658195487e+04
5.095665950445563067e+04
5.152709288114738592e+04
5.209578559096602839e+04
5.266541492147779354e+04
5.323711802198066289e+04
5.380762188793833775e+04
5.437594430006272160e+04
5.494675890972260095e+04
5.551633342796049692e+04
5.608859640868884162e+04
5.667044215420655382e+04
5.725907901121837494e+04
5.728974048021223280e+04
5.788530650228525337e+04
5.848229595950490329e+04
5.907963891623566451e+04
5.967858669189092325e+04
6.027982715163459216e+04
6.088476133059978019e+04
6.149334324351167743e+04
6.210580146699452598e+04
6.272232646538261906e+04
6.334212807142426027e+04
6.396422074388466717e+04
6.458920843159683864e+04
6.521650629035540624e+04
6.584700070347057772e+04
6.648273242412191757e+04
6.712515603119695152e+04
6.863448692888100049e+04
6.929298826147311775e+04
6.995611827886226820e+04
7.107280208018454141e+04
7.174843127527872275e+04
7.242820146145991748e+04
7.311137910543054750e+04
7.379920717915412388e+04
7.494869186107443238e+04
7.564759681857153191e+04
7.633298734181560576e+04
7.701952078281692229e+04
7.770956570926541463e+04
7.840432682445572573e+04
7.910883460237845429e+04
7.981000275478226831e+04
8.051142314136729692e+04
8.121036096139567962e+04
8.190567004419074510e+04
8.235246638738362526e+04
8.306302648096020857e+04
8.376841749562080076e+04
8.422221077368107217e+04
8.493624976480021724e+04
8.565217432912721415e+04
8.636838910463129287e+04
8.708566420651417866e+04
8.780459881228608720e+04
8.852429207510646665e+04
8.924749668517061218e+04
8.997337327464170812e+04
9.152946962448180420e+04
9.226429974632847006e+04
9.299634211794218572e+04
9.372669636158971116e+04
9.445578841849864693e+04
9.518179917795758229e+04
9.591258099613634113e+04
9.664427371929066430e+04
9.737508892007876420e+04
9.811656441976624774e+04
9.886147242336133786e+04
9.962876156932674348e+04
9.643890128314598405e+04
9.713467357252057991e+04
9.782549474703984743e+04
9.851412103237892734e+04
9.920732039617116970e+04
9.642786021099296340e+04
9.711545828332062229e+04
9.780276207213100861e+04
9.849351910843461519e+04
9.918224138524322188e+04
1.008083285563549725e+05
1.014772288445767335e+05
1.021154252813832572e+05
1.028222768566067680e+05
1.030627148366226174e+05
1.037757555836573447e+05
1.044991067155212077e+05
1.052207055516163236e+05
1.059433724468993169e+05
1.066701026301531238e+05
1.074046552534958755e+05
1.081416310291650443e+05
1.088781606381508464e+05
1.096372742509417585e+05
1.119805440679269959e+05
1.127658645750180003e+05
1.135544138105196034e+05
1.058829367285802582e+05
1.065520334318443347e+05
1.072158813108939212e+05
1.076918201763551042e+05
1.083518181816506258e+05
1.090158020750865107e+05
1.096867773947765963e+05
1.111971417369317205e+05
1.118708332169888745e+05
1.125439473351800407e+05
1.132094619189124933e+05
1.138746322624732857e+05
1.145511583589893708e+05
1.168313892035204772e+05
1.175194979109803389e+05
1.182186039375280816e+05
1.189367841183350974e+05
1.196583107033528795e+05
1.203794091354760749e+05
1.193853134013873350e+05
1.160771189634775510e+05
1.168244300672334939e+05
1.175788178345895140e+05
1.183390778139563190e+05
1.191042080730654707e+05
1.198742314999125228e+05
1.206512032134617330e+05
1.214282382441971422e+05
1.222016994063795282e+05
1.229767766851755732e+05
1.237475487507645012e+05
1.245021212478021189e+05
1.252472709496608295e+05
1.259824286512537801e+05
1.255245390435822192e+05
1.262686762202111713e+05
1.290020879378710961e+05
1.297486533988351875e+05
1.304923588891108520e+05
1.312377195959812088e+05
1.319829549777295324e+05
1.329666777694126358e+05
1.337229637048169971e+05
1.344769601148734218e+05
1.352464248267912772e+05
1.391263312605768442e+05
1.399235888017810357e+05
1.407225212358584686e+05
1.415210719141749723e+05
1.423213222710426198e+05
1.431223990851788549e+05
1.439221517380508012e+05
1.447204446856529394e+05
1.455197804195727804e+05
1.463100051984309684e+05
1.489852579091141524e+05
1.498033714610203169e+05
1.506220450628178369e+05
1.514353304660243739e+05
1.352353989115252625e+05
1.359938123604451830e+05
1.367548083307584457e+05
1.375166782087196480e+05
1.382815005717393069e+05
1.390479437395298446e+05
1.415282807370673399e+05
1.423111920323286322e+05
1.430915183865818253e+05
1.438742413693465933e+05
1.446616154644699709e+05
1.454522012723667431e+05
1.462448628992719750e+05
1.470391658500726917e+05
1.478391179438730760e+05
1.512008425093482947e+05
1.516313421188602515e+05
1.524486770621651376e+05
1.532670984409127850e+05
1.540805777277462184e+05
1.548869371829701413e+05
1.556954444520920806e+05
1.564961748569471820e+05
1.572819329614291491e+05
1.580454210710789193e+05
1.587878146232890431e+05
1.595089778323003557e+05
1.602303171885245247e+05
1.631304643107067095e+05
1.639046069347079610e+05
1.646543457521075325e+05
1.653449388211747864e+05
1.660251302229528083e+05
1.538434162098012457e+05
1.545253443017737300e+05
1.571797519356731791e+05
1.579019194282480166e+05
1.586238275727891887e+05
1.593334367776306462e+05
1.600538261945257545e+05
1.607650913864497561e+05
1.622827305249735946e+05
1.630163321794561052e+05
1.637533185062793782e+05
1.644909164913291461e+05
1.652161839178602095e+05
1.659559417621089378e+05
1.613842581819204497e+05
1.620948238855036907e+05
1.628069322012276389e+05
1.635299686318046006e+05
1.642289100991528248e+05
1.649548070496397559e+05
1.656860789731773839e+05
1.664135769279024971e+05
1.671366513435653469e+05
1.644021054140693159e+05
1.651491132374628796e+05
1.658959098541338171e+05
1.666412823000713834e+05
1.673861370811395172e+05
1.681306080682516331e+05
1.688749929603295459e+05
1.696195945097430085e+05
1.703631049284877081e+05
1.711063649164250819e+05
1.718477425182370644e+05
1.725878613175736100e+05
1.733278860798836395e+05
1.740680115469635348e+05
1.748039201725836319e+05
1.755399612869188422e+05
1.762793573236122902e+05
1.770195275843724958e+05
1.777660460385831539e+05
1.785105919010041980e+05
1.818569351442415791e+05
1.826285903257935424e+05
1.834024615459199995e+05
1.841743026301250793e+05
1.849473761842077074e+05
1.857204885420941864e+05
1.864953124442745757e+05
1.872725579136455199e+05
1.880539994231085875e+05
1.888385626775935525e+05
1.896211778356547584e+05
1.903939488416161039e+05
1.911676750667775050e+05
1.919444886819927196e+05
1.948459247969304561e+05
1.956273159394799732e+05
1.964126778547229478e+05
1.971963760913526348e+05
1.979809252421401616e+05
1.987669008513886947e+05
1.995542037396567757e+05
2.003417664758260944e+05
2.011276240119251888e+05
2.019256463784866792e+05
2.027343298202008591e+05
2.035511061358576990e+05
2.043751028902247490e+05
2.051993421055582294e+05
2.060270234376120497e+05
2.068538700399704394e+05
2.076547975790405180e+05
2.053677538006434916e+05
2.062046362786525569e+05
2.070478069456728990e+05
2.078951340538933291e+05
2.087444232882737415e+05
2.095939443072971189e+05
2.104480955253410211e+05
2.113060975200377288e+05
2.160365292883533402e+05
2.169102979943849787e+05
2.177840488901152858e+05
2.186576172015740594e+05
2.195323335438811628e+05
2.204073907857359736e+05
2.212808195920490834e+05
2.221502265757881396e+05
2.230190949857880478e+05
2.238854034349399444e+05
2.247482410723483190e+05
2.256076609560022771e+05
2.316267314105082769e+05
2.325000098311349575e+05
2.333666433234503493e+05
2.342275089090903348e+05
2.350882354596535442e+05
2.359474445408665924e+05
2.368058838440670515e+05
2.376653722761506506e+05
2.385230945067584980e+05
2.393834589584937785e+05
2.402447121722309384e+05
2.411089143621421827e+05
2.419785245491840469e+05
2.428554998334871489e+05
2.437415310146011470e+05
2.446362503647049307e+05
2.455361553795670043e+05
2.464379744290726376e+05
2.473387072924430831e+05
2.482409051727403712e+05
2.491482707458662626e+05
2.500673211837106501e+05
2.509837367433736217e+05
2.519134743668053416e+05
2.528600356134330505e+05
2.537969952024182421e+05
2.547145781381435809e+05
2.556230090133799531e+05
2.565440705987961555e+05
2.571679934984447900e+05
2.580310302868282888e+05
2.589061599668003910e+05
2.597809663618507038e+05
2.606583263938532909e+05
2.615397989125772729e+05
2.624267524515393889e+05
2.633107186336662853e+05
2.651133487108675181e+05
2.660306224919538363e+05
2.669462632895818679e+05
2.678596123055976932e+05
2.687686135539938114e+05
2.696743271021225373e+05
2.705812388539056410e+05
2.714816707238596864e+05
2.723766647591812653e+05
2.732687914593062014e+05
2.741560796221988858e+05
2.750448016673671082e+05
2.759312779449292575e+05
2.768181321062879870e+05
2.776838117322886828e+05
2.785129847973478609e+05
2.793085972442338243e+05
2.752401972680975450e+05
2.760473786502362927e+05
2.751102474748441018e+05
2.760042504795286804e+05
2.769009957374020596e+05
2.778017426233965671e+05
2.787052245188761735e+05
2.796110287572013913e+05
2.805203826552155660e+05
2.814374985408334760e+05
2.823583010885724798e+05
2.832864622826953419e+05
2.842165157140560914e+05
2.851472261282884865e+05
2.860698229399974225e+05
2.869857169123820495e+05
2.878951132579490077e+05
2.887936359377543558e+05
2.974371645952440449e+05
2.983956499199391110e+05
2.993658856840078952e+05
3.003356710271557095e+05
3.013014741840665229e+05
3.022846103009903454e+05
3.032913411567598814e+05
3.118674913424960687e+05
3.129779309831575956e+05
3.140804399988799123e+05
3.151898100144189666e+05
3.068576622582484270e+05
3.088870616458432050e+05
3.099601069112417172e+05
3.110198711417453596e+05
3.120877024262741324e+05
3.131656495305793360e+05
3.161979459405099042e+05
3.172699447384007508e+05
3.183362011464707321e+05
3.193906291724838666e+05
3.304046284127708641e+05
3.314724947520236601e+05
3.325397973490825389e+05
3.336213628817596473e+05
3.346964033741226885e+05
3.357657205939370906e+05
3.368155670025554718e+05
3.378485064392454224e+05
3.388980166754910606e+05
3.399130459826205042e+05
3.423718630866823951e+05
3.434290715194426011e+05
3.528841893149898970e+05
3.539842943658418953e+05
3.550727062065436039e+05
3.561501605107651558e+05
3.572101773409629823e+05
3.582379119905930711e+05
3.592382899839726160e+05
3.602272172324058483e+05
3.611983205046787625e+05
3.621486075871893554e+05
3.630865264788306085e+05
3.640326104206513846e+05
3.649814020373097737e+05
3.659410960871885181e+05
3.669027916722236550e+05
3.678498943878276041e+05
3.687938283197822748e+05
3.696514977563223802e+05
3.704356422968896222e+05
3.711913203496917849e+05
3.718931077132827486e+05
3.536385148718476412e+05
3.544036752717267955e+05
3.474913917570338235e+05
3.318538243569525657e+05
3.328589779023902956e+05
3.338843252321615582e+05
3.349136313261303003e+05
3.359631547526712529e+05
3.370284148447173066e+05
3.380319137496823678e+05
3.390386514375648694e+05
3.400664345513603766e+05
3.411012767303120345e+05
3.374331985637698090e+05
3.384718017732539447e+05
3.395076580343045061e+05
3.405364314955627779e+05
3.415647515439932467e+05
3.425910407374690403e+05
3.436130036034683581e+05
