0.000000000000000000e+00
3.755143868206308078e+00
1.202717953736433643e+01
2.520396304091385531e+01
4.278623928210080152e+01
6.547651874724857635e+01
9.285996958055145001e+01
1.277480554446432137e+02
1.657326600142516213e+02
2.031986136477565879e+02
2.441915573477953671e+02
2.886995368361247074e+02
3.426160379226770374e+02
3.960033147868264223e+02
4.507818973564902763e+02
5.122920659375818104e+02
5.710669834474133495e+02
6.327968782500249745e+02
7.055030055118038490e+02
7.786654274574729016e+02
8.510063037594147772e+02
9.256743898740546683e+02
1.000980653052305797e+03
1.087810248741238183e+03
1.183112284091853553e+03
1.276711977879634560e+03
1.370078089844363149e+03
1.458732318610473612e+03
1.557948741892031876e+03
1.653787793240657265e+03
1.769024152199166110e+03
1.877314776780389138e+03
1.986259595561604328e+03
2.103494862107967492e+03
2.216200372178554517e+03
2.335061875071331997e+03
2.456598813237507329e+03
2.567827318176788594e+03
2.686865764116358605e+03
2.800393350275305238e+03
2.928554149699113168e+03
3.062696166447440646e+03
3.207679755471815952e+03
3.352245286281125118e+03
3.503621529869518781e+03
3.645674296225976377e+03
3.803262622525964616e+03
3.947039036605043748e+03
4.095759193695108479e+03
4.249757582056770843e+03
4.408248413802330106e+03
4.562240015702440360e+03
4.730316267680294914e+03
4.896165999595420544e+03
5.077274419552487416e+03
5.253800497110172728e+03
5.428636527660775755e+03
5.601644637175912067e+03
5.769497490483653564e+03
5.949391911073354095e+03
6.140201752706795560e+03
6.335635899010994763e+03
6.544231412786492911e+03
6.746918313341818248e+03
6.971747205519221097e+03
7.167820583614728093e+03
7.367118742574988573e+03
7.588825692164009524e+03
7.832939642143128367e+03
8.060773558393974781e+03
8.307952553612249176e+03
8.545904767689304208e+03
8.789730776136599161e+03
9.025303518386641372e+03
9.270561648669283386e+03
9.509872510085362592e+03
9.758078269697783981e+03
1.000028628620663221e+04
1.025905876110658937e+04
1.050785322881407046e+04
1.078924332652463272e+04
1.105709953686967856e+04
1.132859580853472653e+04
1.162005724926116818e+04
1.190004451951043484e+04
1.218270865965068879e+04
1.245510400000684604e+04
1.274329907498715693e+04
1.301803411016553400e+04
1.328552512310776001e+04
1.356854031921900423e+04
1.384254390545045135e+04
1.409785904982264037e+04
1.439158804404992406e+04
1.467151963796039308e+04
1.494569890786697033e+04
1.524982245896546010e+04
1.552585759336110459e+04
1.582578823067480153e+04
1.612645933334292749e+04
1.638731272779465507e+04
1.666858215651796854e+04
1.695656478801483900e+04
1.724324548029561993e+04
1.762624010927024574e+04
1.792330327864890933e+04
1.821302533306566329e+04
1.851326083516805375e+04
1.882947635597975750e+04
1.913044293857691082e+04
1.947775593630513322e+04
1.983019840789840600e+04
2.014369996674940194e+04
2.045591174510942801e+04
2.075726506019640146e+04
2.105840066529270553e+04
2.140681758859667389e+04
2.177553358496175133e+04
2.216555163192367399e+04
2.254360317818243857e+04
2.292088624599303148e+04
2.332768439755721192e+04
2.374343476918927990e+04
2.414714326098877427e+04
2.453293311390324016e+04
2.490990772121991540e+04
2.531876102460327820e+04
2.573980823218499427e+04
2.611387755546810877e+04
2.647131525518432318e+04
2.684280524563806102e+04
2.720951443149326224e+04
2.759199995121364555e+04
2.799938100970156665e+04
2.842373807693336857e+04
2.876257232954241408e+04
2.918110625786936362e+04
2.965852730101849011e+04
3.010879320779418777e+04
3.053819460001809057e+04
3.096019312708069629e+04
3.139722523489658852e+04
3.181399428533805985e+04
3.226271139880518604e+04
3.269328735294996295e+04
3.320197601520199532e+04
3.365717031121959735e+04
3.413210356938969198e+04
3.465247968234819564e+04
3.509499043262652413e+04
3.554194215619035094e+04
3.609273909653032024e+04
3.650300692992365657e+04
3.691834465665979951e+04
3.729791140373234521e+04
3.779401731888538779e+04
3.823857993019802961e+04
3.871536979862555745e+04
3.919536131867572112e+04
3.965841594564196566e+04
4.014952322525499039e+04
4.061843780211386911e+04
4.111552704595347313e+04
4.168306100351485657e+04
4.215894013548655494e+04
4.260178008687584224e+04
4.306545680096288561e+04
4.355134481257672451e+04
4.401118683911689732e+04
4.450564818186688353e+04
4.501453967811523034e+04
4.552574733122847829e+04
4.601922165148896602e+04
4.649439130384627788e+04
4.697969446265955776e+04
4.749094368146504712e+04
4.801644658222699945e+04
4.857068937326977903e+04
4.913918068357797165e+04
4.968949161908560200e+04
5.021466886964105652e+04
5.077053041376855981e+04
5.134429683030547312e+04
5.191351130602337071e+04
5.246066622117156658e+04
5.296827981788973557e+04
5.348120729151592241e+04
5.402075249025598168e+04
5.460246942148976086e+04
5.516831766962813708e+04
5.575557604539924068e+04
5.639923324772384512e+04
5.698298713073887484e+04
5.750984203418366087e+04
5.805790062093732558e+04
5.860656592480548716e+04
5.912006382260795363e+04
5.966257391188423935e+04
6.061563225885603606e+04
6.119181732649490732e+04
6.129337431762843335e+04
6.185484197707165004e+04
6.241206820615939068e+04
6.303498178998385265e+04
6.365911427937624831e+04
6.428589765924065432e+04
6.487429666149582044e+04
6.549749699226821394e+04
6.612104030511926976e+04
6.664629284401609038e+04
6.724440626004073420e+04
6.783376280803474947e+04
6.840907278633271926e+04
6.898605456315164338e+04
6.952723129079431237e+04
7.008886672728515987e+04
7.103396250074764248e+04
7.153092376690723177e+04
7.213668587665491214e+04
7.313906500178847637e+04
7.378475544228077342e+04
7.444241777119765175e+04
7.513036635872264742e+04
7.580917166797295795e+04
7.659086536472268926e+04
7.727194248289003735e+04
7.791120605355581210e+04
7.864355347359587904e+04
7.938643177540415491e+04
8.010511720480988151e+04
8.076030793348381121e+04
8.143722309613836114e+04
8.213540610224360717e+04
8.339621550308093720e+04
8.407861699273070553e+04
8.478384303258823638e+04
8.604861406384648581e+04
8.676898456112454005e+04
8.747430262185606989e+04
8.823485452189981879e+04
8.894045876896762638e+04
8.966347482485137880e+04
9.030787386388028972e+04
9.094774859043542529e+04
9.160171817505113722e+04
9.230700923537208291e+04
9.296842737704391766e+04
9.359082865532280994e+04
9.429364805235023960e+04
9.504402960093524598e+04
9.576973813518093084e+04
9.650057702542994230e+04
9.724727016282644763e+04
9.796472198794968426e+04
9.868809006097147358e+04
9.809780702027899679e+04
9.876156406265412807e+04
9.948460681737650884e+04
1.001946620363171969e+05
1.008619806128281343e+05
1.015784918094325694e+05
1.022882879360281950e+05
1.029225305964478466e+05
1.035302927792314731e+05
1.042309523930801079e+05
1.048817328279815847e+05
1.056005452541132981e+05
1.063240008239963354e+05
1.070049360135561146e+05
1.077523495466746972e+05
1.084797955938042141e+05
1.091591566469466488e+05
1.098665033992874087e+05
1.105709029791030480e+05
1.112399467057504808e+05
1.119356865207092778e+05
1.126999221582874889e+05
1.134101620634499850e+05
1.140873560675740009e+05
1.147763945572346274e+05
1.154547411993420828e+05
1.161735516127444134e+05
1.168341129238160502e+05
1.175492773637616338e+05
1.182304130044324993e+05
1.189335135959176987e+05
1.197049587629688467e+05
1.205096848458789173e+05
1.212934532723318989e+05
1.220987767164453544e+05
1.228641860663931584e+05
1.236478615401447169e+05
1.245504536650048685e+05
1.260908391312394233e+05
1.270139047013893141e+05
1.278827416066533624e+05
1.287886005411322840e+05
1.296702392008865136e+05
1.309791227202152659e+05
1.316937495561494143e+05
1.323736463865565602e+05
1.329667596826727095e+05
1.336094088648911566e+05
1.344157984729093441e+05
1.352353522542529390e+05
1.360054264179174788e+05
1.367508049260840926e+05
1.376133852501299407e+05
1.384845777924987196e+05
1.396199944621713366e+05
1.404010630763220834e+05
1.411563829733908642e+05
1.420146395619701361e+05
1.428178397965395707e+05
1.437049268089403631e+05
1.445307911402254540e+05
1.453268259498758998e+05
1.461780007417718298e+05
1.470471840068466554e+05
1.478012030291317787e+05
1.486605302045698045e+05
1.495301481091729656e+05
1.505293484855240386e+05
1.515313207711585856e+05
1.524789183311225788e+05
1.533930459977770515e+05
1.538851681849859015e+05
1.548709111564755440e+05
1.557969912378255394e+05
1.567070005414296174e+05
1.576040181904039346e+05
1.584243040815658169e+05
1.592623429077764158e+05
1.601751786270976590e+05
1.609788696307234350e+05
1.618149913882616675e+05
1.625677412693687656e+05
1.633424116180562705e+05
1.641382065534692083e+05
1.649364949142452970e+05
1.657316092586330487e+05
1.665704800277015602e+05
1.698564306294731505e+05
1.706988693057228811e+05
1.713622967569945904e+05
1.721678964047766640e+05
1.730749278094160545e+05
1.739782148470151005e+05
1.747560325107574463e+05
1.756543471458595886e+05
1.765433407921951439e+05
1.773765885085614282e+05
1.782202312940101256e+05
1.784434262265973666e+05
1.793826183874185663e+05
1.803292168507211027e+05
1.812074095440359670e+05
1.833680521438374999e+05
1.842611677798651217e+05
1.852370498662161990e+05
1.862399077181933972e+05
1.872255469691870385e+05
1.882615215937760659e+05
1.893187794589592959e+05
1.904215512664691778e+05
1.914712424135101028e+05
1.925050790661928186e+05
1.948448677762056759e+05
1.958687186617305852e+05
1.968121942823276622e+05
1.976828752945423475e+05
1.985723497478340578e+05
1.989960503758653649e+05
2.000694936765095918e+05
2.010571966695733718e+05
2.019538955473145470e+05
2.028721352345005143e+05
2.038799620382418216e+05
2.049621389374518185e+05
2.059461299484619522e+05
2.070061486741452536e+05
2.082181277400472027e+05
2.094511486203116365e+05
2.105113434269838035e+05
2.116498893307411636e+05
2.127303696442869259e+05
2.138546993242536555e+05
2.150067544388957322e+05
2.162586179396603256e+05
2.174919228716123616e+05
2.186750008815930923e+05
2.198023846338893636e+05
2.209147548336549371e+05
2.220274618036957690e+05
2.231397534097112948e+05
2.243280422939349664e+05
2.212255498473749321e+05
2.222798687431902799e+05
2.233548259010501497e+05
2.242714075819426798e+05
2.251019704991874169e+05
2.266587185234909703e+05
2.274818780915745301e+05
2.302594077274817100e+05
2.311402242820858373e+05
2.321637180741468328e+05
2.331236556295019109e+05
2.340774342682350252e+05
2.350899344335471396e+05
2.360614866611628968e+05
2.369611449833313236e+05
2.378231183018631709e+05
2.387274277786247549e+05
2.395595226637046435e+05
2.404521247181229119e+05
2.412549919515017245e+05
2.421486228530954104e+05
2.435361729521397501e+05
2.444190791187847208e+05
2.456636815672566881e+05
2.465855532376133197e+05
2.484695136939468503e+05
2.490362363381660543e+05
2.500122350367784384e+05
2.509259963964303315e+05
2.518669386013502663e+05
2.527991591145234124e+05
2.538365002206974314e+05
2.547755897323246754e+05
2.556997252792184881e+05
2.567665795351346605e+05
2.579339381056588900e+05
2.589401551969251304e+05
2.598043709172774688e+05
2.608252142010921089e+05
2.618229012985989102e+05
2.629187570569441305e+05
2.640872874488370726e+05
2.652097651877952740e+05
2.664327909270715900e+05
2.674562430125548854e+05
2.683856441710831714e+05
2.694957680666723172e+05
2.707631402426629793e+05
2.718048069196498254e+05
2.726718100820418913e+05
2.736677039331155829e+05
2.747394999057123787e+05
2.758272327634305111e+05
2.769501571692858124e+05
2.779488177681718953e+05
2.789856499295617687e+05
2.806366206587469205e+05
2.819059963746216963e+05
2.830317392298993072e+05
2.842925504649876384e+05
2.854911739696097211e+05
2.865868296380144311e+05
2.876628640224844567e+05
2.887357105909925303e+05
2.898442847613790655e+05
2.909772489205165184e+05
2.920808419870418729e+05
2.857596870655333041e+05
2.867628559154553222e+05
2.877527305237393593e+05
2.915659288616921986e+05
2.926278542225315468e+05
2.937349399243803346e+05
2.947506428450961248e+05
2.957510251573479036e+05
2.965124205007188139e+05
2.972866862643267959e+05
2.981645538431389141e+05
2.990326984393027378e+05
2.996178215619979310e+05
3.007127868274484645e+05
3.018533809267056640e+05
3.029775247956416570e+05
3.040393859793693991e+05
3.050399079425617238e+05
3.060552208997596172e+05
3.070962818836350925e+05
3.080873339941444574e+05
3.089908170370751177e+05
3.100253590217523160e+05
3.111476631924293470e+05
3.122878272537533776e+05
3.134216411303977366e+05
3.145394235053187003e+05
3.157148117157999659e+05
3.168112380962673924e+05
3.180503603484125342e+05
3.193930822522440576e+05
3.205637910383099224e+05
3.216324206566270441e+05
3.227244956936793751e+05
3.238739766348301782e+05
3.249816912408556673e+05
3.258567866729715606e+05
3.279331475763957133e+05
3.289636167421016726e+05
3.300273336579013267e+05
3.310473469668079051e+05
3.322922960542829824e+05
3.335315699208459118e+05
3.346732740558972000e+05
3.358667014586993027e+05
3.370434621429094113e+05
3.382569865420436836e+05
3.407080690377077553e+05
3.422475932747410843e+05
3.435290451553483726e+05
3.448822540887915529e+05
3.488648002383486019e+05
3.501903842993117287e+05
3.515048579825127963e+05
3.528892281190108624e+05
3.542512683040935080e+05
3.556236289727629628e+05
3.569432883799349074e+05
3.582114226950651500e+05
3.592379772108949837e+05
3.603113474193988368e+05
3.613408593805964338e+05
3.621019203746406711e+05
3.631546771676874487e+05
3.642183444306645542e+05
3.653097019309623865e+05
3.664145838688828517e+05
3.674182735255431617e+05
3.686546416138331988e+05
3.698471789058696013e+05
3.709898364134664298e+05
3.722433005681156646e+05
3.736666606223369599e+05
3.749449321112993639e+05
3.762589053502941970e+05
3.774931209000019007e+05
3.786944525322756963e+05
3.798518148141117417e+05
3.810724293199204258e+05
3.823980395322705153e+05
3.837123258742171456e+05
3.850039120186161017e+05
3.862564058428071439e+05
3.877694930671962793e+05
3.891049404510939494e+05
3.902709524519583792e+05
3.915383273294601822e+05
3.929100028449944220e+05
3.941333715462591499e+05
3.953201410485938541e+05
3.965728014850381878e+05
3.977498032145639881e+05
4.004928960526687442e+05
4.016317136440220638e+05
4.055637230325387209e+05
4.067667311781141325e+05
4.077994418956196751e+05
4.088248425370551413e+05
4.099437598591485294e+05
4.120020042265434749e+05
4.130225046853591339e+05
4.194867443924291292e+05
4.203557087422840996e+05
4.211277963621250237e+05
4.259945170626703184e+05
4.268636625205997843e+05
4.278919621546158451e+05
4.288959132385400590e+05
4.299136097339667613e+05
4.308545300653505255e+05
4.320327716254263651e+05
4.332701084830403561e+05
4.346350869537644321e+05
4.358488139181066072e+05
4.370542018149205251e+05
4.381760900886382442e+05
4.395407370596848195e+05
4.409812225155087654e+05
4.423582327353566070e+05
4.372322388640121790e+05
4.383413439075166825e+05
4.394188868050327874e+05
4.405078743784553371e+05
4.417488141912703868e+05
4.428316850133374683e+05
4.500958906898547430e+05
4.512333392681348487e+05
4.522732910324821132e+05
4.532563884952249355e+05
4.544012327524845605e+05
4.486006880387134152e+05
4.497629188442270388e+05
4.510156108141761506e+05
4.524670974563205964e+05
4.539492459407056449e+05
4.554213320257720770e+05
4.568261318973006564e+05
