2.190419086613779598e+00
8.082725749375764934e+00
1.741237579145168723e+01
2.999137624984223294e+01
4.567232167388048936e+01
6.431973922836192514e+01
8.586375376272076210e+01
1.102489809114250363e+02
1.374047914700063302e+02
1.673105026349738296e+02
1.998932908516138980e+02
2.351328547679921428e+02
2.729799836254096022e+02
3.134075098179156385e+02
3.564568041250908550e+02
4.020978829271180075e+02
4.503201333963699540e+02
5.010941735742270566e+02
5.544255280386878439e+02
6.103407872725198331e+02
6.688173645392464550e+02
7.298762867573126414e+02
7.934690327313498983e+02
8.595826862697412025e+02
9.281812959597209556e+02
9.992069867507270828e+02
1.072596674880705677e+03
1.148378614854677835e+03
1.226547626626917918e+03
1.307070203761269113e+03
1.389976214652071803e+03
1.475237499210616988e+03
1.562772703800334966e+03
1.652620129592291050e+03
1.744757818359120847e+03
1.839114105515999199e+03
1.935722979009482970e+03
2.034533068481492364e+03
2.135569730818473545e+03
2.238840221396787456e+03
2.344363261936959134e+03
2.452186763478146531e+03
2.562297622509197026e+03
2.674531746704381021e+03
2.788970017614087737e+03
2.905632182426565578e+03
3.024413399019412736e+03
3.145496395822323393e+03
3.268969539631521911e+03
3.394798063884355088e+03
3.523149188410017814e+03
3.654150039685025149e+03
3.787671513290812072e+03
3.923754418555541633e+03
4.062406940682193635e+03
4.203537336242745369e+03
4.347175460785275391e+03
4.493238267448654369e+03
4.641843994909995672e+03
4.793073330904477189e+03
4.946584040148751228e+03
5.102477439020122802e+03
5.260847208038105236e+03
5.421750688800084390e+03
5.585056920430670289e+03
5.750678250432625646e+03
5.918552580278726964e+03
6.088887076741362762e+03
6.261490460106619139e+03
6.436643081198195432e+03
6.614420199783010503e+03
6.795055146538728877e+03
6.978181049583235108e+03
7.163849141443080043e+03
7.351757934650308925e+03
7.541976574607810107e+03
7.733810224098692743e+03
7.926665722184640799e+03
8.121483997285212354e+03
8.317857696316315923e+03
8.515966796032338607e+03
8.716234280033333562e+03
8.918674008145544576e+03
9.124334485676739860e+03
9.332426140544173904e+03
9.543570966430983390e+03
9.758044088014295994e+03
9.975545420956941598e+03
1.017477125203143805e+04
1.042376689756274573e+04
1.064479473335295188e+04
1.086795074138904602e+04
1.109335546363233698e+04
1.132092414221221770e+04
1.155082060852175346e+04
1.178285195621261664e+04
1.201706577580891098e+04
1.225363660522095597e+04
1.249249213173210410e+04
1.273349811115379089e+04
1.297656901178574299e+04
1.322183207872970706e+04
1.346963954782276778e+04
1.391032887265429599e+04
1.416594863320278455e+04
1.442331389347773256e+04
1.468289586307925128e+04
1.494492353911054306e+04
1.520937692647317454e+04
1.547548428313640215e+04
1.574354358242541457e+04
1.601385459256914510e+04
1.628626861058563372e+04
1.656102994469137775e+04
1.683827891253133930e+04
1.711835501193192613e+04
1.740065980550036329e+04
1.768518395748493640e+04
1.797171689423654607e+04
1.826069192115093756e+04
1.855230645644980905e+04
1.884603621927885979e+04
1.914187103271919477e+04
1.943990627923131251e+04
1.974044476853211381e+04
2.004334633208645391e+04
2.034867938484491606e+04
2.065621640828748423e+04
2.096611632439881942e+04
2.127834270557540731e+04
2.159320024007726897e+04
2.191110020851989248e+04
2.223104234667593846e+04
2.255387632359300187e+04
2.287982769583793561e+04
2.320861822401275276e+04
2.353992321709200769e+04
2.387336949897086015e+04
2.420930166343643941e+04
2.454672109752750475e+04
2.488574066079156546e+04
2.522526742664042104e+04
2.556613039714803745e+04
2.590954916726780721e+04
2.639159539236006458e+04
2.674179970657970625e+04
2.709286555012936515e+04
2.744573048800253673e+04
2.779850382025178260e+04
2.821374398749776446e+04
2.857065533089104429e+04
2.893012907991816246e+04
2.929174692679950749e+04
2.965524764917903667e+04
3.002148384191220975e+04
3.038975009540744941e+04
3.075938893609932711e+04
3.113053827344438469e+04
3.150320479665302992e+04
3.187686307909405150e+04
3.225250989886601383e+04
3.263146799471978375e+04
3.301243617219538282e+04
3.339273732076325541e+04
3.377247630132061022e+04
3.415249471691882354e+04
3.360667431533331546e+04
3.398254717746473034e+04
3.435896497179273865e+04
3.473586042147205444e+04
3.511201503720025357e+04
3.548866410130797158e+04
3.586641212874283519e+04
3.624341041795228375e+04
3.661910265884367982e+04
3.699581071245220664e+04
3.737190571290390653e+04
3.774934015876249759e+04
3.813289827737359155e+04
3.852072525078878971e+04
3.825231976128433598e+04
3.864177558040442818e+04
3.903186827573002665e+04
3.942081971944778343e+04
3.981035078940811945e+04
4.020052737219299161e+04
4.059272815647134848e+04
4.098679374861635006e+04
4.138306854289010516e+04
4.178148278156359447e+04
4.218202695719798794e+04
4.258369678173967986e+04
4.298808485790996929e+04
4.339481899242122017e+04
4.380288884709375270e+04
4.421478284399592667e+04
4.463264780560252257e+04
4.545374603128275339e+04
4.588388110950376722e+04
4.631676333131532010e+04
4.690190343944660708e+04
4.733907631288416451e+04
4.777727103152865311e+04
4.821618227786562056e+04
4.865797525306043826e+04
4.923547053424008482e+04
4.968348693729379738e+04
5.012418830786326726e+04
5.056490352711040759e+04
5.100734606706938939e+04
5.145225459891014907e+04
5.190290638100083015e+04
5.235114799370321998e+04
5.279951375550831290e+04
5.324782587349529786e+04
5.369333207810769090e+04
5.366085546059686749e+04
5.411177190128470829e+04
5.455897735104466847e+04
5.437876604256312567e+04
5.483122611154929473e+04
5.528573070413745154e+04
5.574181858075139462e+04
5.619888085055550619e+04
5.665717106288736977e+04
5.711497049370265449e+04
5.757442168820447841e+04
5.803617291668448888e+04
5.895227770850565867e+04
5.942023836558547919e+04
5.988807053047679074e+04
6.035429490508511662e+04
6.081972648159434175e+04
6.128487098294336465e+04
6.175167245992731478e+04
6.221848930237775494e+04
6.268486191410149331e+04
6.315255072398995981e+04
6.361979602342615544e+04
6.409084778133250074e+04
6.224577373634801188e+04
6.269230577972289757e+04
6.313392235082252591e+04
6.357573957253556000e+04
6.402079822901777516e+04
6.225295441965760256e+04
6.268621219648246188e+04
6.311506513990875101e+04
6.354304958122959215e+04
6.396844390925994958e+04
6.489991043389130937e+04
6.530894124641369854e+04
6.513658924394605856e+04
6.557676241619311622e+04
6.444987425118026295e+04
6.488898033518747252e+04
6.533059730274019239e+04
6.577428796000714647e+04
6.621920057114174415e+04
6.666314750835660379e+04
6.710826236270487425e+04
6.755516795044085302e+04
6.800211365271522664e+04
6.845200357581282151e+04
7.015595938111082069e+04
7.061094444434728939e+04
7.106313571626161865e+04
6.859548738117008179e+04
6.902722672023779887e+04
6.945764056173787685e+04
6.910603052267315798e+04
6.953113528470240999e+04
6.995899686970326002e+04
7.039484546606404183e+04
7.104285284946934553e+04
7.148317843717009237e+04
7.192252845027789590e+04
7.236014206160516187e+04
7.279695269296722836e+04
7.323650087220297428e+04
7.492117120634821185e+04
7.536240068163617980e+04
7.580857603196518903e+04
7.626113873681834957e+04
7.671711398480692878e+04
7.717522226436354686e+04
7.572435447982160258e+04
7.342174485659587663e+04
7.388003444172129093e+04
7.434348457334443810e+04
7.481083484116870386e+04
7.528306164201814681e+04
7.575951259842827858e+04
7.624243023857500521e+04
7.672526519752694003e+04
7.720662420550781826e+04
7.768888820214837324e+04
7.816792641297391674e+04
7.863930965871071385e+04
7.910754895332155866e+04
7.957241073866561055e+04
7.833125291541812476e+04
7.880315542875594110e+04
8.088904474708002817e+04
8.136532226141294814e+04
8.183961500306718517e+04
8.231616220621936372e+04
8.279085322339177947e+04
8.256021395643828146e+04
8.303236858223794843e+04
8.350249165315348364e+04
8.399350712431911961e+04
8.606062856568407733e+04
8.656297764605234261e+04
8.706570288037836144e+04
8.756380995245577651e+04
8.805779689754264837e+04
8.854769148234999739e+04
8.903569771611581382e+04
8.951927545043833379e+04
8.999940041274420219e+04
9.045301013967551989e+04
9.193924805506879056e+04
9.244171092006983235e+04
9.294518959495972376e+04
9.345159596505909576e+04
9.092211763132913620e+04
9.141043764953986101e+04
9.190102961621238501e+04
9.239337470446118095e+04
9.288972984620403440e+04
9.338872468558530090e+04
9.494149971787263348e+04
9.544921569468508824e+04
9.595915964959462872e+04
9.647267766939096327e+04
9.698939107773081923e+04
9.751076032652815047e+04
9.803602001876036229e+04
9.856494696530066722e+04
9.909877406447756221e+04
1.021344784671709640e+05
1.013065029261445452e+05
1.018330345240742608e+05
1.023597797291023016e+05
1.028864319046190358e+05
1.034147624897203787e+05
1.039457878011167486e+05
1.044722630751542165e+05
1.049995522612732166e+05
1.055183090273824637e+05
1.060375562612316571e+05
1.065542328369094612e+05
1.070611721877349046e+05
1.089728299315514159e+05
1.094926888318496785e+05
1.100127711218585318e+05
1.105296141345486249e+05
1.110272671062789741e+05
1.078532949197378912e+05
1.082881028441663075e+05
1.100317682635449601e+05
1.105131420961205149e+05
1.109928098464045470e+05
1.114649612048550771e+05
1.119540015973996487e+05
1.124395820556112449e+05
1.125527442880507297e+05
1.130516262883526797e+05
1.135506147328586085e+05
1.140494435363617959e+05
1.145466161932573305e+05
1.150462986775971222e+05
1.119910487256994820e+05
1.124683751962336828e+05
1.129463521560044173e+05
1.134274965542044083e+05
1.138988971015153802e+05
1.143791773919057887e+05
1.148591657802824775e+05
1.153341345384974993e+05
1.158058734793506155e+05
1.117344773315255152e+05
1.122017914017013245e+05
1.126673351437332749e+05
1.131305806559011835e+05
1.135923240492878394e+05
1.140522662924549222e+05
1.145091822159736475e+05
1.149640706711365201e+05
1.154163478031512641e+05
1.158670383455143892e+05
1.163164130150482233e+05
1.167655308936783404e+05
1.172155181846565392e+05
1.176655737461817771e+05
1.181102060476748447e+05
1.185530104001486907e+05
1.189990710110443615e+05
1.194432529474385519e+05
1.198969036475991597e+05
1.203451759839490551e+05
1.223957788405653264e+05
1.228679040047352901e+05
1.233415970753865113e+05
1.238142345379779435e+05
1.242872158044290554e+05
1.247608660119113192e+05
1.252361171491411224e+05
1.257123449098131969e+05
1.261912360480586649e+05
1.266721190608369070e+05
1.271553811793932109e+05
1.276323251800319413e+05
1.281126189219437656e+05
1.285960169530974526e+05
1.296594578398145240e+05
1.301401582266564947e+05
1.306210023475960479e+05
1.311008137561239710e+05
1.315810092829142523e+05
1.320618146208319813e+05
1.325431361500491039e+05
1.330250116100748419e+05
1.335062513616734068e+05
1.339927405632111768e+05
1.344844778712897096e+05
1.349798877773672575e+05
1.354786814116318419e+05
1.359775819974043116e+05
1.364788028892557486e+05
1.369815342575954273e+05
1.374746629200974130e+05
1.341731175961095141e+05
1.346785557977138960e+05
1.351905663348059170e+05
1.357077812477236148e+05
1.362280548579062452e+05
1.367484771969151334e+05
1.372754551801074704e+05
1.378086315431097173e+05
1.412476332688541734e+05
1.417881022219652368e+05
1.423282867043598089e+05
1.428687851163526939e+05
1.434103637818149000e+05
1.439521325426266412e+05
1.444937475320564408e+05
1.450333186560821196e+05
1.455695430366742075e+05
1.461019190946111630e+05
1.466334365372445900e+05
1.471594206457978871e+05
1.534007422428253340e+05
1.539499247121657536e+05
1.544934762045648531e+05
1.550331669965847686e+05
1.555714024356686277e+05
1.561078722201454802e+05
1.566421296998166363e+05
1.571759217488396389e+05
1.577093200094132335e+05
1.582435967226722860e+05
1.587774380380986258e+05
1.593121509652412205e+05
1.598503170615402923e+05
1.603938633673459990e+05
1.609442631477609684e+05
1.615013452139589936e+05
1.620626927004968165e+05
1.626260729953948758e+05
1.631894684448458720e+05
1.637539278094334004e+05
1.643238110002904723e+05
1.649041066274002660e+05
1.654828623040528619e+05
1.660729210706315353e+05
1.666771555990279303e+05
1.672734256153415772e+05
1.678535945080622332e+05
1.684253262251207780e+05
1.690068078334686288e+05
1.667580373172769323e+05
1.672836155971026747e+05
1.678176242823407811e+05
1.683516027595525084e+05
1.688872385574975051e+05
1.694254082610021578e+05
1.699680021150182292e+05
1.705070779452550341e+05
1.689866739756235620e+05
1.695454288736053859e+05
1.701031761006767338e+05
1.706606194590112136e+05
1.712169353126081405e+05
1.717721636044479092e+05
1.723271126647786587e+05
1.728782215198602644e+05
1.734255111308291962e+05
1.739694221342653618e+05
1.745077392932491493e+05
1.750456238365875033e+05
1.755802070885666180e+05
1.761135033731053118e+05
1.766365367736992484e+05
1.771396776192099787e+05
1.776255810586961743e+05
1.720955151014113217e+05
1.725660745958585176e+05
1.684538924849700998e+05
1.689633225335727620e+05
1.694747654085235554e+05
1.699875611233930977e+05
1.705016597039084882e+05
1.710154492662390112e+05
1.715284333455414162e+05
1.720444394917435711e+05
1.725625231874054298e+05
1.730873208880500169e+05
1.736148533484491927e+05
1.741453832676090533e+05
1.746729752061439212e+05
1.751985580811951950e+05
1.757284435657186550e+05
1.762450107948288205e+05
1.847556235609950963e+05
1.853355597137747391e+05
1.859262855667162803e+05
1.865183507841666869e+05
1.871092677572947869e+05
1.877144584503316146e+05
1.883181871411763714e+05
1.956486774494812125e+05
1.963224142511013197e+05
1.969939330794962589e+05
1.976728833429183578e+05
1.842468578018292610e+05
1.808536415917701961e+05
1.814710981298469414e+05
1.820737254607556679e+05
1.826764015622774023e+05
1.832784424597355246e+05
1.801976418182832422e+05
1.807558158276316535e+05
1.813029716204841097e+05
1.818414827257483266e+05
1.909329755051389220e+05
1.914867832241355791e+05
1.920387152975476347e+05
1.926030760893953266e+05
1.931664268537595344e+05
1.937305859367009252e+05
1.942851276925010607e+05
1.948321198671771272e+05
1.953937709120540530e+05
1.959064137102061068e+05
1.911770895534897281e+05
1.917214813124760112e+05
1.944825094858779921e+05
1.950554683174861420e+05
1.956240867985646473e+05
1.961865545615466835e+05
1.967431585614611977e+05
1.972909817584671546e+05
1.978281851881247130e+05
1.983607883806266473e+05
1.988857879436288204e+05
1.994017015264473739e+05
1.999132174725213554e+05
2.004261805823453469e+05
2.009430002871399629e+05
2.014617640348568675e+05
2.019759539937833906e+05
2.024837202115975088e+05
2.029876003817568999e+05
2.034740868588691810e+05
2.039418877390631824e+05
2.044014544465731597e+05
2.048498477626382955e+05
1.908518026129130158e+05
1.912892365517819999e+05
1.796290426358280820e+05
1.652669258872823848e+05
1.657179958014003059e+05
1.661763488968324673e+05
1.666392759080273099e+05
1.671088839409592911e+05
1.675830275250851410e+05
1.680269270556815318e+05
1.684719889758866047e+05
1.689264456369973486e+05
1.693829281025809760e+05
1.575928869908510242e+05
1.580096522582171310e+05
1.584276259880298749e+05
1.588464454001896083e+05
1.592674328868208395e+05
1.596883296697592014e+05
1.601089899140584166e+05
