0.000000000000000000e+00
6.165721996383549453e+00
1.893642726985991587e+01
4.033700246624256636e+01
6.840732332696157414e+01
1.059649265359294787e+02
1.517680763187634341e+02
2.046176819980072992e+02
2.647388617865589708e+02
3.264241229425139181e+02
4.015737069529571386e+02
4.827632162194346961e+02
5.625131644525489492e+02
6.440822236821450133e+02
7.266971197696352647e+02
8.189239518877907358e+02
9.156729160302675155e+02
1.021099709864977513e+03
1.137256122061632368e+03
1.248626271490309364e+03
1.373063934523642956e+03
1.504006327504010642e+03
1.649379656757470684e+03
1.797223342911263899e+03
1.938349681572426562e+03
2.076271755112506980e+03
2.231985432624321220e+03
2.390997940361821293e+03
2.547744720838830290e+03
2.730048628262355578e+03
2.898552603059382818e+03
3.079101433276416628e+03
3.283351750175350389e+03
3.482942046178057808e+03
3.680927518568872074e+03
3.895225735614701080e+03
4.108623833686924627e+03
4.320735921438746118e+03
4.542108839835166691e+03
4.763643741623989627e+03
4.998755300200922647e+03
5.251825122401660337e+03
5.508430684865335934e+03
5.774627611309343592e+03
6.024655585992451961e+03
6.283863407306260342e+03
6.557066749355944012e+03
6.809200805658943864e+03
7.096209153634727954e+03
7.387063004146644744e+03
7.666768575769337986e+03
7.944163780004128057e+03
8.214904667503416931e+03
8.491461743141355328e+03
8.766287212986722807e+03
9.053198426736480542e+03
9.338599143134999395e+03
9.635776907419580311e+03
9.910243699508549980e+03
1.021531780339230863e+04
1.053481246300978637e+04
1.087397763760370253e+04
1.124040003402556977e+04
1.160035963521580015e+04
1.194748804438799925e+04
1.231955410477547412e+04
1.271695222497571012e+04
1.311948069683474387e+04
1.349709416534711090e+04
1.387588329788327792e+04
1.431330841226065786e+04
1.467931167544840537e+04
1.505976354599747538e+04
1.543562326317237239e+04
1.585233899608998763e+04
1.627161026048751410e+04
1.672078420427994206e+04
1.712619174695157926e+04
1.756381605765946733e+04
1.803900288878905485e+04
1.851105478801514982e+04
1.895410051955490781e+04
1.940092361579690623e+04
1.986587062071240507e+04
2.033947253075075787e+04
2.075053360281105779e+04
2.117932531886427387e+04
2.163341031322171330e+04
2.209972227105557977e+04
2.219013066811932367e+04
2.269717296088762669e+04
2.317463588374967730e+04
2.363019514877113033e+04
2.413362908845276252e+04
2.462276917121253064e+04
2.514269168572853232e+04
2.565355612898077015e+04
2.616750319668279190e+04
2.668465707308526544e+04
2.723649918260610139e+04
2.782882986069830076e+04
2.834840904467210203e+04
2.885791583671337503e+04
2.935757294838774760e+04
3.013380685410158549e+04
3.071411306394240819e+04
3.125922301591277210e+04
3.178049884146804470e+04
3.233033038672121256e+04
3.293285192956110404e+04
3.351897955266724603e+04
3.405010527763584105e+04
3.456073501018370735e+04
3.510127112048751587e+04
3.561158587412619090e+04
3.613644995927315904e+04
3.670248320935149241e+04
3.737011093801337120e+04
3.803517442839952128e+04
3.860451479755472246e+04
3.916446202503997483e+04
3.976328699062615487e+04
4.039324734751397773e+04
4.104174142403170845e+04
4.160426287319760013e+04
4.219656381044090085e+04
4.277195548390271870e+04
4.339757668180474138e+04
4.404168599206008366e+04
4.467856391768624599e+04
4.535148422385226149e+04
4.599781787150098535e+04
4.674918966435515176e+04
4.744651016352399165e+04
4.815744222314867511e+04
4.881480515099220793e+04
4.955823544436605152e+04
5.034052111258709920e+04
5.108351836725792964e+04
5.183208585095563467e+04
5.265719508209993364e+04
5.361671419446206710e+04
5.439008621483411116e+04
5.520040089125895611e+04
5.603184964852238772e+04
5.723834453542495612e+04
5.803596701554291940e+04
5.877773860280759982e+04
5.946698158943028830e+04
6.017306161816560052e+04
6.036108153091232816e+04
6.107535542550595710e+04
6.178795599889568985e+04
6.253231634061645309e+04
6.323913036821234709e+04
6.397694854696534458e+04
6.475377715733810328e+04
6.556666516219986079e+04
6.631752213628696336e+04
6.712058916327747284e+04
6.788519720529117330e+04
6.859746742751004058e+04
6.934580261101612996e+04
7.024859029161526996e+04
7.115279289087666257e+04
7.198085707877059758e+04
7.280876161432443769e+04
7.164314300257163995e+04
7.248061006919252395e+04
7.328272865141896182e+04
7.418162257239229803e+04
7.500031003113872430e+04
7.583758324588474352e+04
7.670801431863603648e+04
7.764649978849125910e+04
7.856402838480475475e+04
7.937262447309234994e+04
8.018855754874279955e+04
8.097430955806525890e+04
8.173061408254718117e+04
8.260308941650089400e+04
8.299612969111639541e+04
8.396521645356199588e+04
8.484860326948776492e+04
8.580083058110634738e+04
8.679276715889612387e+04
8.771429899810694042e+04
8.865936328317040170e+04
8.968589870402299857e+04
9.067428190561036172e+04
9.167416169446196000e+04
9.275543639433132194e+04
9.377692508499552787e+04
9.475171370997675695e+04
9.575925047198601533e+04
9.670886079732055077e+04
9.767512101273644657e+04
9.859672535210964270e+04
1.001586126835686446e+05
1.011375285267904837e+05
1.020940494911115093e+05
1.040373221865335072e+05
1.050664385293324449e+05
1.061740205805503210e+05
1.073006962336244178e+05
1.084261220341301960e+05
1.103145755713160033e+05
1.113602838071342558e+05
1.124180420040246099e+05
1.133674773869182391e+05
1.143783959002077027e+05
1.154553159581759974e+05
1.165254375716520735e+05
1.176077811162599246e+05
1.185439671930634213e+05
1.195828689167752018e+05
1.205959656756563927e+05
1.218022231472102576e+05
1.230473938657196413e+05
1.241926762543861114e+05
1.234361322481038369e+05
1.244605639944156865e+05
1.255624517568614247e+05
1.266969061652927485e+05
1.277502788151155837e+05
1.288254624172649346e+05
1.298740144086786604e+05
1.308965943432017812e+05
1.320524386626174382e+05
1.344699175991942757e+05
1.355326124097394058e+05
1.365787637365307892e+05
1.375655146707456443e+05
1.387404934222431330e+05
1.398054846146104392e+05
1.408408269414065871e+05
1.419623309800989227e+05
1.431266322579790722e+05
1.442554654967115785e+05
1.455040322951914277e+05
1.466537497078981833e+05
1.449293926719442825e+05
1.460368074033806915e+05
1.471965039346246631e+05
1.483165621298967453e+05
1.494830859446554969e+05
1.473702138770159509e+05
1.485302478750883311e+05
1.496806568621680199e+05
1.508793549497787899e+05
1.521671868962098961e+05
1.543287722466029227e+05
1.554436627939995960e+05
1.543773268830137094e+05
1.554845847032273887e+05
1.572720050046228280e+05
1.585451484579916578e+05
1.597313562660070602e+05
1.608611115761660330e+05
1.620927903947459417e+05
1.633658333240214270e+05
1.646371817815760442e+05
1.657690373882586719e+05
1.668455435409313068e+05
1.679686104742067109e+05
1.706564540140495519e+05
1.718042507438685279e+05
1.730441209895320353e+05
1.648469491677796759e+05
1.660639342881110497e+05
1.672107878587382438e+05
1.689201691710545565e+05
1.698919833501654794e+05
1.707512095977451245e+05
1.717070154786327621e+05
1.740636550726506975e+05
1.750742139751967625e+05
1.760693960982923745e+05
1.771327620494362782e+05
1.779817866791445704e+05
1.788963283340498456e+05
1.789884106583323155e+05
1.801125178634483309e+05
1.811675396743822203e+05
1.821980869839210645e+05
1.831461139601428877e+05
1.842398782063417602e+05
1.850182867860712286e+05
1.837803525795741880e+05
1.849464992324342893e+05
1.861697488682312542e+05
1.873478541103929165e+05
1.885639979330969218e+05
1.898366945689477434e+05
1.909930819773592521e+05
1.922864991253772168e+05
1.936178062548550370e+05
1.949718030630105932e+05
1.963603233772626554e+05
1.976296399200452142e+05
1.988893025951910822e+05
2.002740002579375869e+05
2.006968221375501889e+05
2.021681842805122142e+05
2.064461447265034076e+05
2.079461608960018784e+05
2.094121599761495017e+05
2.108617007233058102e+05
2.122202462941426784e+05
2.153595071117468760e+05
2.168043548762712453e+05
2.184032459918969253e+05
2.198313437169177341e+05
2.244750121452501917e+05
2.258855274844128289e+05
2.274108955837093818e+05
2.287265976144871966e+05
2.299968490790176438e+05
2.314933312514936551e+05
2.330051443605052191e+05
2.345055311065171845e+05
2.358967026958156202e+05
2.371193436745287036e+05
2.385873925928809331e+05
2.401019764883053140e+05
2.415771766685323091e+05
2.429760153185342206e+05
2.308355253948413010e+05
2.322809115974519518e+05
2.338470499963332259e+05
2.353048548742747516e+05
2.367120398944925983e+05
2.380693643561283534e+05
2.411526384460851841e+05
2.425499964458309114e+05
2.437459739566913631e+05
2.449904869466161472e+05
2.463864830949372554e+05
2.476673674527008552e+05
2.487680388813993195e+05
2.497634209241711069e+05
2.513111377253310638e+05
2.551867884888543922e+05
2.582080207196851843e+05
2.597402487123975006e+05
2.611267838146612630e+05
2.626071927185977693e+05
2.640882100291515235e+05
2.655945557691315189e+05
2.671920609232603456e+05
2.687799563382900087e+05
2.703122998871756135e+05
2.716817427412230754e+05
2.728781126103473944e+05
2.739892255200014915e+05
2.784960065869917162e+05
2.795564510148224654e+05
2.806105017269686214e+05
2.818892543011808302e+05
2.830387143624404562e+05
2.650624517218262190e+05
2.666315928256114712e+05
2.690359518060394330e+05
2.704073557336051017e+05
2.719283603655123152e+05
2.732144988787957700e+05
2.747044271565309609e+05
2.762004127867888310e+05
2.724979266471065348e+05
2.740160385078772670e+05
2.755711936674481258e+05
2.768506123991380446e+05
2.783302828725877334e+05
2.801229367651974899e+05
2.779473391316036577e+05
2.790863602578016580e+05
2.801790769487095531e+05
2.815739549985904596e+05
2.826253351845421130e+05
2.837673587769628502e+05
2.850668392312236829e+05
2.863489538713715156e+05
2.874805211491835653e+05
2.913554860660691047e+05
2.924769345901780762e+05
2.937998170197188156e+05
2.952388199721003766e+05
2.965607378367846250e+05
2.981429701988232555e+05
2.999436957518749405e+05
3.012847039313813439e+05
3.027505603196601151e+05
3.041248175063953968e+05
3.055755365600484656e+05
3.070626391866963822e+05
3.084341616470697918e+05
3.098561196422901703e+05
3.113116201415759278e+05
3.128997103801812627e+05
3.141997896822991315e+05
3.153538826083331369e+05
3.168591011179523775e+05
3.182167454952849657e+05
3.224299500254441518e+05
3.238032068525200593e+05
3.251188760839119204e+05
3.265773956161918468e+05
3.280155619203649694e+05
3.295369198363180039e+05
3.311560314876676421e+05
3.325286109420830617e+05
3.339765496944570914e+05
3.355903548548786785e+05
3.371319394329425995e+05
3.384826132570322952e+05
3.398202370395104517e+05
3.411442197489414830e+05
3.472542354667114560e+05
3.486587629564591916e+05
3.497815678473600419e+05
3.511625137539170682e+05
3.524910694327319507e+05
3.533394755250617163e+05
3.545146195842846646e+05
3.557643091570231481e+05
3.570282219556169002e+05
3.586261001011654735e+05
3.600663825770421536e+05
3.613736473062293953e+05
3.625400572156135458e+05
3.636529764828630723e+05
3.647057065237341449e+05
3.660647137639202410e+05
3.673705837027515518e+05
3.705026006632562494e+05
3.713829435579566634e+05
3.723433011033900548e+05
3.735750950333352666e+05
3.747912767525936943e+05
3.756328934871740639e+05
3.762701290978465113e+05
3.771399901553304517e+05
3.814669196826301632e+05
3.827414668665800709e+05
3.839349194124516798e+05
3.852160358396930387e+05
3.864847492720899172e+05
3.875825698640076444e+05
3.891923859167614137e+05
3.901247617357306881e+05
3.912097104247049429e+05
3.923352307289767778e+05
3.935503643404896138e+05
3.945872498117588111e+05
3.750167942028560210e+05
3.760058908061680268e+05
3.768194867240602034e+05
3.773979945811987855e+05
3.780705141437456477e+05
3.789442154657715582e+05
3.799705462580197491e+05
3.814794005307893967e+05
3.827864179482110776e+05
3.838529226676253602e+05
3.848091524325341452e+05
3.861309620378873078e+05
3.876539431902542710e+05
3.889077146069821902e+05
3.903285501109944307e+05
3.915370957775689312e+05
3.928366487742298050e+05
3.940901937664471334e+05
3.952061098159420071e+05
3.962220849313000799e+05
3.974018730707039940e+05
3.985502272038732190e+05
3.996073021909948438e+05
4.006866010991260991e+05
4.018044220173596404e+05
4.031311583555029356e+05
4.043407574673301424e+05
4.056373239666481386e+05
4.067145193427035701e+05
3.951491465299968841e+05
3.958726266379873850e+05
3.968356259870692738e+05
3.977236703951322706e+05
3.988631775938722421e+05
3.999867181258674245e+05
4.010093037828056258e+05
4.020795257291811286e+05
4.077359794149883091e+05
4.089217416010771412e+05
4.101867973376863520e+05
4.112019127767494065e+05
4.123081576039975043e+05
4.133477689813721227e+05
4.143226012573935441e+05
4.156510377984706429e+05
4.166076069789244211e+05
4.177897867939471616e+05
4.188323017139118165e+05
4.201445720092691481e+05
4.212625314900316880e+05
4.225143589871776639e+05
4.237982334587759105e+05
4.250457870931774960e+05
4.261114472953095101e+05
4.258512662190547562e+05
4.270186054583842633e+05
4.314603204421309638e+05
4.325995218686963781e+05
4.337941963863780256e+05
4.350790603419815307e+05
4.362403515131096356e+05
4.372078237870740704e+05
4.383026255790543510e+05
4.393317251526796608e+05
4.403704159575822996e+05
4.414985688953494537e+05
4.424491947492238833e+05
4.440511139066028991e+05
4.451211015634634532e+05
4.461615303843605798e+05
4.472040758329172386e+05
4.479914822271353332e+05
4.553473838829847518e+05
4.562835784024290042e+05
4.570963133375385078e+05
4.580399163744051475e+05
4.587812991110717412e+05
4.594756973942646873e+05
4.599768854441255098e+05
4.683108726499663317e+05
4.689546202962834504e+05
4.698488308397709625e+05
4.703919420805387199e+05
4.679126654077082057e+05
4.748905584260045434e+05
4.757646369368394371e+05
4.768321281907393131e+05
4.777610455409774440e+05
4.792237537234198535e+05
4.854771617074433598e+05
4.865629033328553196e+05
4.878461051761553390e+05
4.891130449929122697e+05
4.961011800233946997e+05
4.971808475466138916e+05
4.986229306405684911e+05
5.001607914216197096e+05
5.019219342192650656e+05
5.036022162555977120e+05
5.052088049538337509e+05
5.067036279373016441e+05
5.086090499229957932e+05
5.099456985870881472e+05
5.172393669732658309e+05
5.185345692778748926e+05
5.257713176793054445e+05
5.271776011555178557e+05
5.285307830497581745e+05
5.296296332597519504e+05
5.309294447747609811e+05
5.324631414173507364e+05
5.336293144961205544e+05
5.349202627337202430e+05
5.360952175506928470e+05
5.370443536781029543e+05
5.379390330557598500e+05
5.384630446235898416e+05
5.390490825491568539e+05
5.399260674113164423e+05
5.407061820331327617e+05
5.414631422639352968e+05
5.428766376522164792e+05
5.437501606759775896e+05
5.444209941524083260e+05
5.451258975084400736e+05
5.458013312955949223e+05
5.415458709281763295e+05
5.414789701553446939e+05
5.312936610717292642e+05
5.157736285885762773e+05
5.163164811239388073e+05
5.169533745539990487e+05
5.175307913664209191e+05
5.181255357086309232e+05
5.192209613552286173e+05
5.200437111588426051e+05
5.209854033781473991e+05
5.217183878863719292e+05
5.222862167616020306e+05
5.282839653886896558e+05
5.292318342454812955e+05
5.306458308240330080e+05
5.315640088482114952e+05
5.327497749831335386e+05
5.343011171313768718e+05
5.359361930394641822e+05
