0.000000000000000000e+00
2.507699192082317730e+00
8.058399519914797082e+00
1.723369906355046766e+01
2.835456063388404147e+01
4.425721476532165610e+01
6.201396851098442653e+01
8.305050034233299527e+01
1.058938035782800284e+02
1.332939705523673410e+02
1.628874830352084473e+02
1.959246999877491078e+02
2.301404124695208395e+02
2.700241471167595364e+02
3.121152882881549431e+02
3.585445919203555718e+02
4.043152080563910999e+02
4.533575030610531940e+02
5.099708868037284901e+02
5.674295392564393978e+02
6.251071295609046956e+02
6.871323982951757898e+02
7.489943432350316925e+02
8.162863246591965662e+02
8.832357786249469882e+02
9.516534920660543548e+02
1.024938920252409389e+03
1.097680142191313735e+03
1.176974108876827131e+03
1.254905590563842452e+03
1.345273539914785033e+03
1.431799402067272013e+03
1.520703191562148731e+03
1.614323565027449831e+03
1.705789115572381661e+03
1.800684103816983225e+03
1.899782666508893726e+03
1.993963440365353108e+03
2.093457876561763896e+03
2.188699194552186782e+03
2.296858796258915845e+03
2.408720492620751884e+03
2.528872410589027822e+03
2.650884442793112612e+03
2.774858908308239734e+03
2.890957660179332834e+03
3.011948092342003292e+03
3.130840075430357047e+03
3.249636517618713697e+03
3.379584391006080295e+03
3.511699632963689965e+03
3.641854088830620185e+03
3.779398676991939737e+03
3.914808743241575030e+03
4.059070268180940730e+03
4.205637252882212124e+03
4.354636799646325017e+03
4.498054991320994304e+03
4.637600560542056883e+03
4.787511739692235096e+03
4.945638779365656774e+03
5.111328035308957624e+03
5.289600438624061098e+03
5.465668788332558506e+03
5.660367850293274387e+03
5.830286422838844373e+03
6.003588152362204710e+03
6.193882366680591076e+03
6.401158610219934417e+03
6.594113302140703126e+03
6.800357885021880065e+03
7.004171233842855145e+03
7.215861378179651183e+03
7.419354429094753868e+03
7.624829452375635810e+03
7.823628571564016056e+03
8.032366742026758402e+03
8.240880156622057257e+03
8.460870622183541855e+03
8.679805918613459653e+03
8.920312595862029411e+03
9.142896704424765630e+03
9.377168650683292071e+03
9.625626466079171223e+03
9.859714557670582508e+03
1.009129637460046797e+04
1.031462950056560294e+04
1.055103763449377948e+04
1.077424641679986780e+04
1.098861094791231517e+04
1.120933616721219551e+04
1.142881840780885796e+04
1.163635055201880459e+04
1.187365864997185417e+04
1.209940048425074383e+04
1.232419080804169243e+04
1.258276486397935878e+04
1.281082015550492542e+04
1.306671186482157464e+04
1.331179256930871452e+04
1.352662356259532862e+04
1.375604992432223844e+04
1.399299697676722826e+04
1.423014153667002574e+04
1.453849479203359624e+04
1.477890332501222838e+04
1.501579197581057633e+04
1.526999716903925764e+04
1.553604486595062735e+04
1.578652373790610727e+04
1.608020125870638731e+04
1.637087759492793157e+04
1.661914848096473725e+04
1.687141953970796749e+04
1.711553789238762329e+04
1.735733698740581167e+04
1.763972885086451788e+04
1.794019980096660947e+04
1.825515616851735467e+04
1.856682628932112493e+04
1.887654236607994244e+04
1.920755356407584623e+04
1.954396431503790154e+04
1.986995518247933433e+04
2.017035958173097970e+04
2.046312441778407447e+04
2.078627777886729018e+04
2.112114666830637725e+04
2.142530379375698612e+04
2.170947020232553041e+04
2.202016962507667631e+04
2.231504534535792482e+04
2.261895646544557894e+04
2.295575018782259576e+04
2.329455146451341716e+04
2.358095035800111145e+04
2.392135033254107475e+04
2.430133003399943846e+04
2.466722277766381012e+04
2.501513889507822751e+04
2.534688459346852324e+04
2.569072109805221771e+04
2.602166641327875914e+04
2.637880257952260581e+04
2.671382440010571736e+04
2.711994528608940891e+04
2.749059018364766234e+04
2.787385512039322202e+04
2.828279277978515893e+04
2.865142201652414224e+04
2.901028727352998249e+04
2.944148379348524759e+04
2.979167407040580656e+04
3.013347660017201270e+04
3.044265563089240095e+04
3.085703716566882940e+04
3.120961977848199604e+04
3.160510895119840279e+04
3.201709827742078778e+04
3.240553056728853335e+04
3.280925136316238786e+04
3.320093956638964301e+04
3.361072764804920735e+04
3.407354197371051123e+04
3.447319544260100520e+04
3.484266219792328047e+04
3.522441526425295160e+04
3.562617618520542601e+04
3.590784717977956461e+04
3.631981235072211712e+04
3.674062977366524137e+04
3.716566190051098965e+04
3.757165837966994877e+04
3.796026157808682183e+04
3.835823031349357188e+04
3.878073882410881197e+04
3.922220001043283264e+04
3.968133801623870386e+04
4.016461101694412355e+04
4.062334858490586339e+04
4.105460567984869704e+04
4.149874732925381977e+04
4.195331876030714920e+04
4.240594076844508527e+04
4.284673508190627763e+04
4.325162715552365989e+04
4.366611770588293439e+04
4.409767850989023282e+04
4.456983811240202340e+04
4.503564445477813570e+04
4.550563758998323465e+04
4.600561876549834415e+04
4.646530712666217732e+04
4.688413039359543473e+04
4.733674185050330561e+04
4.777754941867807065e+04
4.820089434624507703e+04
4.862890315665554226e+04
4.942275266596324946e+04
4.988344715983822971e+04
4.972538250950971269e+04
5.017072022065606870e+04
5.062006989343511668e+04
5.114119538289836782e+04
5.165620437389566359e+04
5.218147932351283089e+04
5.267705531816707662e+04
5.318713741311035847e+04
5.368395845098087011e+04
5.411814527604333125e+04
5.459817832088566502e+04
5.506845300025742472e+04
5.553296855899383081e+04
5.598971157295562443e+04
5.642892063103450346e+04
5.689254992615782976e+04
5.762480602990187617e+04
5.802015950156243343e+04
5.850714552585064666e+04
5.929619217011995352e+04
5.980879841490508261e+04
6.031839710453763837e+04
6.085352251066924509e+04
6.137416016576872789e+04
6.196120541247567598e+04
6.248249376139275410e+04
6.298367381707891764e+04
6.356387052393568592e+04
6.415435938692613126e+04
6.473298201144354971e+04
6.527726382484413625e+04
6.582239140839237371e+04
6.638342596258857520e+04
6.748961876683229639e+04
6.805150208664557431e+04
6.861213417934368772e+04
6.960853412672218110e+04
7.018870894092276285e+04
7.075436636370350607e+04
7.137037896028933756e+04
7.193563526557796285e+04
7.250709357938615722e+04
7.301100511315505719e+04
7.352363796511947294e+04
7.405061210284025583e+04
7.463013925516973541e+04
7.517050966773570690e+04
7.567114233173363027e+04
7.624330884180543944e+04
7.684353004872552992e+04
7.741781271472122171e+04
7.800776804866995371e+04
7.861562266445205023e+04
7.920256014940820751e+04
7.980077672820127918e+04
7.894779474828811362e+04
7.948213116779143456e+04
8.003566665032616584e+04
8.059629052861110540e+04
8.113278781296240049e+04
8.173761891382708563e+04
8.230425704399285314e+04
8.281300149432118633e+04
8.331914512033233768e+04
8.390267308368798695e+04
8.446559507460932946e+04
8.508381790023448411e+04
8.566633375085006992e+04
8.622978159921191400e+04
8.684883293760119705e+04
8.745884159879881190e+04
8.803293314275838202e+04
8.860796836767371860e+04
8.918930584263302444e+04
8.973730269623341155e+04
9.031235306564066559e+04
9.066572804004434147e+04
9.124191510578266752e+04
9.178248108532006154e+04
9.235137298286409350e+04
9.290492031124712958e+04
9.349185037385307078e+04
9.404612026345558115e+04
9.462747377630644769e+04
9.518892370054939238e+04
9.576969027447703411e+04
9.639882340828819724e+04
9.703874383872919134e+04
9.769583535865177691e+04
9.835211107837733289e+04
9.899672673642478185e+04
9.966279466370114824e+04
1.004202809911624063e+05
1.015796629363707616e+05
1.023465169351138757e+05
1.030845855098049942e+05
1.038355086522310594e+05
1.045397981394467060e+05
1.053823523273667088e+05
1.060008138801496825e+05
1.062309345780748554e+05
1.067683882393902168e+05
1.073115727529644500e+05
1.079480383591389982e+05
1.086226243398767256e+05
1.092723497623434232e+05
1.098761685992979037e+05
1.105791661006043578e+05
1.112920229854106001e+05
1.118529557848920667e+05
1.124979390369963803e+05
1.131106058140446112e+05
1.138241565273317246e+05
1.144985751471952681e+05
1.152327534893429838e+05
1.159331720041293593e+05
1.166093076428316417e+05
1.173317456271335395e+05
1.180159824934492208e+05
1.186261992539488565e+05
1.193246838518197619e+05
1.200502236833856150e+05
1.208762260053361242e+05
1.216750956662161334e+05
1.224493732807603374e+05
1.232083668571065791e+05
1.232014711362888047e+05
1.240405143957263208e+05
1.248278275741831021e+05
1.255780420664439007e+05
1.263258874052104511e+05
1.270181650118817925e+05
1.272423507237437734e+05
1.279968278879378486e+05
1.286701229970618151e+05
1.293523411935623299e+05
1.299720312061426084e+05
1.306078861113583844e+05
1.312546769045162073e+05
1.319111428405876795e+05
1.325825041418418405e+05
1.333089166650479601e+05
1.363561870559776144e+05
1.370740900217013550e+05
1.370726790289469936e+05
1.377267550240202690e+05
1.384568343033728015e+05
1.391853595891027944e+05
1.398011398036525934e+05
1.405244950246723311e+05
1.412484703060317843e+05
1.419290917730699875e+05
1.426335204737681197e+05
1.419012726037389657e+05
1.426782695411506575e+05
1.434665235742505174e+05
1.442529280852396041e+05
1.458099998226556927e+05
1.465725518471267133e+05
1.473748528191809892e+05
1.481797504951003648e+05
1.489908279259143164e+05
1.498394229333553812e+05
1.507301448559260461e+05
1.516321206514188088e+05
1.525286500709344400e+05
1.534387422019737714e+05
1.551144102042095910e+05
1.559603128987406380e+05
1.567793920617004042e+05
1.575546410306944163e+05
1.583008621499838482e+05
1.579606263487761025e+05
1.588323283002709504e+05
1.596613142319107428e+05
1.604301336122973007e+05
1.612085226184495259e+05
1.620501727218146843e+05
1.629294505768603995e+05
1.637164210326188477e+05
1.645911346290870279e+05
1.655470492836780322e+05
1.665277677387501462e+05
1.673973814524239860e+05
1.683676898893219477e+05
1.692741336495624855e+05
1.701890380229642615e+05
1.711281115602591890e+05
1.721266506590549252e+05
1.731164222056470462e+05
1.740798226510678069e+05
1.750220290332389413e+05
1.759571405154433160e+05
1.768862436689407332e+05
1.777813872590605170e+05
1.787538124173887190e+05
1.767538111607876781e+05
1.776055585044636682e+05
1.784642434075523925e+05
1.792294470379054546e+05
1.799305733443249483e+05
1.805542915367515816e+05
1.812219647874862421e+05
1.834818024538228929e+05
1.842509046756920870e+05
1.850812450717926840e+05
1.858709430076143472e+05
1.866795605513786140e+05
1.875130974304556148e+05
1.883059663805043383e+05
1.890472020664770389e+05
1.897906830699247948e+05
1.905723999915329041e+05
1.912933596932095825e+05
1.919886348768977041e+05
1.926638036662432423e+05
1.934248909367073211e+05
1.937756442304931115e+05
1.944829870326731761e+05
1.946258231872076285e+05
1.954151481021463696e+05
1.960754609853079019e+05
1.955160607343431911e+05
1.963140663103284896e+05
1.970493365667977196e+05
1.978478384668963554e+05
1.986780821537023003e+05
1.996050756661531050e+05
2.004068532043957675e+05
2.012371083027734712e+05
2.021205881189095671e+05
2.030584685125147516e+05
2.038949666839493730e+05
2.046244532742637675e+05
2.054685576634875906e+05
2.062998929124770802e+05
2.072394360870009987e+05
2.082110683712237224e+05
2.091352565441576007e+05
2.101446085660604585e+05
2.109742341923468921e+05
2.117472869784279610e+05
2.126344583606944943e+05
2.135549155768505880e+05
2.143639995274580724e+05
2.150378134956085414e+05
2.157549355743460183e+05
2.165055260792327463e+05
2.173078469455205195e+05
2.181439548362432106e+05
2.189132914423324110e+05
2.197052491913131089e+05
2.198153600307013257e+05
2.207593525627811905e+05
2.216623978882460506e+05
2.226103679558281729e+05
2.234995587395515468e+05
2.243458652300850663e+05
2.252108051245758543e+05
2.260816435101543320e+05
2.270322687204327958e+05
2.279880951366478985e+05
2.288897560680821189e+05
2.253299960376629897e+05
2.261392662844589504e+05
2.269373801984735474e+05
2.288797737911155564e+05
2.297213048860987183e+05
2.306623791552785260e+05
2.315753688095007674e+05
2.324992399693058396e+05
2.332528847591509693e+05
2.340262770201131934e+05
2.348575045021917613e+05
2.356748895838517928e+05
2.348361048282244883e+05
2.358339155864507775e+05
2.368660151069768472e+05
2.378334557911352313e+05
2.387380358480041905e+05
2.395928927931337093e+05
2.404517821443944122e+05
2.413550767420152260e+05
2.422412970829262631e+05
2.430161025322398054e+05
2.437753159854275000e+05
2.445792665028740885e+05
2.454566680290428048e+05
2.463625862181047560e+05
2.472285442923036462e+05
2.481130764717820275e+05
2.489579940550571191e+05
2.499289641709999414e+05
2.510033054526195046e+05
2.520175524314458307e+05
2.529125735446275212e+05
2.538004699382276158e+05
2.546981480264942511e+05
2.556130138357191754e+05
2.562852374090577941e+05
2.566199174411878339e+05
2.575128878570832021e+05
2.583874542530926992e+05
2.592728161325244582e+05
2.602972560189597425e+05
2.612690932493183063e+05
2.621672498098235228e+05
2.630509747676183470e+05
2.639889288080339320e+05
2.649064904155490804e+05
2.652449383549356135e+05
2.647671430025724694e+05
2.657602382154753432e+05
2.667790106365816901e+05
2.688288755005197017e+05
2.698273790699650417e+05
2.708426369845509762e+05
2.718887697069713031e+05
2.729713089240309782e+05
2.740785066716877045e+05
2.751123493773850496e+05
2.761064215217231540e+05
2.769101102094381931e+05
2.777783267253991216e+05
2.785782534902199404e+05
2.764251799132639426e+05
2.773016690685778158e+05
2.782220649876438547e+05
2.791289219749105396e+05
2.800242733305295696e+05
2.808618500106043648e+05
2.819397369710247149e+05
2.830196869405363686e+05
2.840627611983736861e+05
2.851000608568667667e+05
2.861739083400223753e+05
2.871834768601169344e+05
2.882115564036166761e+05
2.891931055162832490e+05
2.901090074537504697e+05
2.910082392084536259e+05
2.919420982051892788e+05
2.929899704851446440e+05
2.940560036216255394e+05
2.928869102566480869e+05
2.939115813991677715e+05
2.950796194660481415e+05
2.961750669537471840e+05
2.971987399570268462e+05
2.981642328802545089e+05
2.991781618422535248e+05
2.999728431677111657e+05
3.007607342128550517e+05
3.015760553178433911e+05
3.023564821282855701e+05
3.020420417396949488e+05
3.028324553253555787e+05
3.038574159558193642e+05
3.047780009437230765e+05
3.055588907906578970e+05
3.064561546814232133e+05
3.073723649798836559e+05
3.062747814534343779e+05
3.071546851448369562e+05
3.118664423056681408e+05
3.125953625596802449e+05
3.132898439934710623e+05
3.150373507357499329e+05
3.158135948832524009e+05
3.166609430971359252e+05
3.174914920043041930e+05
3.183303323003554251e+05
3.191103654923864524e+05
3.201402129612877034e+05
3.211655539990389952e+05
3.223324913636361016e+05
3.234797207851061830e+05
3.246249612352243857e+05
3.256347733902136097e+05
3.267565215074274456e+05
3.279168529841860291e+05
3.289948388395408983e+05
3.229610227975512389e+05
3.238593911137203686e+05
3.247349343603497255e+05
3.255691483601152431e+05
3.265573823020778364e+05
3.274159744471230661e+05
3.322903327590920962e+05
3.332231896136339637e+05
3.340835783413664321e+05
3.349174362317113555e+05
3.358092017638055258e+05
3.291665974448702764e+05
3.300201238210414886e+05
3.309957838425599039e+05
3.321227184638737817e+05
3.333340858787837205e+05
3.344560974461196456e+05
3.355741619730016100e+05
