1.679969627892200057e+00
6.213690185265824617e+00
1.341262393918530194e+01
2.313209086558743266e+01
3.524499984628161542e+01
4.966020966419824845e+01
6.631107200824926906e+01
8.515640149237562184e+01
1.061484495107081329e+02
1.292795766299362867e+02
1.545143695618655784e+02
1.818468983070454499e+02
2.112455886388401325e+02
2.427107471095527274e+02
2.762597288391625625e+02
3.118574398787490622e+02
3.495065629658810167e+02
3.891781787805246040e+02
4.308570124495929008e+02
4.745460271339922542e+02
5.202394426450021001e+02
5.679553357635281827e+02
6.176954487371942832e+02
6.694307892719580195e+02
7.231317848145343987e+02
7.787879787378943774e+02
8.363854002172855644e+02
8.959699843292455625e+02
9.575117227374369122e+02
1.020995350658901202e+03
1.086410705256202164e+03
1.153778031382410745e+03
1.223095058276524242e+03
1.294331323139557981e+03
1.367517926973621570e+03
1.442637232379595162e+03
1.519693378406632291e+03
1.598708522970948707e+03
1.679655357589472487e+03
1.762560415820230446e+03
1.847428624257193405e+03
1.934281344508795200e+03
2.023081385006900291e+03
2.113781042438168697e+03
2.206423231002043849e+03
2.301050422994320343e+03
2.397660975453227366e+03
2.496225928957202086e+03
2.596747950520538780e+03
2.699266257553433661e+03
2.803724020546857446e+03
2.910190164150366400e+03
3.018528676602527867e+03
3.128823809047862596e+03
3.241080197875003705e+03
3.355284992612559563e+03
3.471432132457391617e+03
3.589452862186779839e+03
3.709387586954244398e+03
3.831198243832770913e+03
3.954891134902959038e+03
4.080449998744220466e+03
4.207829023119320482e+03
4.337098804669743913e+03
4.468253396797483219e+03
4.601493029188592118e+03
4.736673360301594585e+03
4.873853506924747307e+03
5.012859750886475013e+03
5.153742546540179319e+03
5.296416455572822088e+03
5.440920271058030266e+03
5.587305386481923961e+03
5.735649846369480656e+03
5.885942086747997564e+03
6.038224668407746321e+03
6.192467705831631974e+03
6.348653637152334340e+03
6.506697402881106427e+03
6.666604841517169007e+03
6.828199697857611682e+03
6.991622593448139014e+03
7.156853833980981108e+03
7.323972810523824592e+03
7.492916445405066042e+03
7.663711556866318460e+03
7.836464605395154649e+03
8.011013318951228030e+03
8.187268555963677500e+03
8.365332005004333041e+03
8.545221070980951481e+03
8.727026767346464112e+03
8.910943819036810964e+03
9.096771994797101797e+03
9.284680033140626620e+03
9.474713533312105938e+03
9.666631920200363311e+03
9.860565867836170582e+03
1.005638930675071606e+04
1.025414322991038716e+04
1.045417228253635221e+04
1.065638652037431530e+04
1.086077432395658798e+04
1.117584561202675832e+04
1.138639888674133545e+04
1.159906969436668624e+04
1.181367548546377657e+04
1.203015917107102905e+04
1.224862081275053970e+04
1.246902002750453721e+04
1.269106608381989645e+04
1.291508872103053909e+04
1.314089956755952880e+04
1.336874266537732001e+04
1.359872668692247316e+04
1.383077867875181983e+04
1.406465645413404854e+04
1.430058678613008306e+04
1.453813300134099518e+04
1.477747130951652798e+04
1.501862295499869288e+04
1.526156762888073354e+04
1.550630877501451869e+04
1.575279797401246105e+04
1.600121161667109482e+04
1.625157172126750265e+04
1.650367923668591175e+04
1.675746666048827319e+04
1.701330967415554915e+04
1.727110183002520353e+04
1.753085686253083622e+04
1.779234798002477328e+04
1.805551245583728451e+04
1.832049100595125492e+04
1.858723190970105134e+04
1.885641994991238244e+04
1.912742732530765716e+04
1.939982759887225984e+04
1.967384329691757011e+04
1.994960391485394939e+04
2.022721069574090870e+04
2.050643096984789736e+04
2.078748781837731076e+04
2.106995303865036112e+04
2.135441296000801958e+04
2.164019531766893488e+04
2.192811422954381851e+04
2.221765956217286293e+04
2.250828737973735406e+04
2.280142390637449716e+04
2.317600639899350790e+04
2.347405580962940439e+04
2.377418167372495373e+04
2.407644071417942541e+04
2.438114805891092328e+04
2.468832475454573432e+04
2.499774031019501854e+04
2.530890335546525603e+04
2.562221194896408269e+04
2.593782212492688268e+04
2.625511953964539862e+04
2.657398378899076488e+04
2.689456159474765082e+04
2.721672297510864155e+04
2.754085323422342481e+04
2.786717864241464486e+04
2.819518384310341571e+04
2.871868957782251528e+04
2.905275823894482528e+04
2.938881139746538975e+04
2.972724161611720410e+04
3.006734439056042902e+04
3.040890917930650176e+04
3.075224607942091097e+04
3.109691994213809812e+04
3.144252517487217119e+04
3.178990963587196165e+04
3.213846158513469345e+04
3.248921522810500392e+04
3.284144507941685879e+04
3.319567589603956731e+04
3.355117811271898245e+04
3.390768972149281035e+04
3.426471943410747917e+04
3.462309603080847592e+04
3.498158801937647513e+04
3.534155177449686744e+04
3.570305467962460534e+04
3.606558956729364581e+04
3.642982834247233404e+04
3.679612242073279049e+04
3.716412140938836092e+04
3.753516070140187367e+04
3.790818725822630222e+04
3.828495234684382012e+04
3.866333313812855340e+04
3.904399675282986573e+04
3.977408213295494352e+04
4.015949658452077711e+04
4.065398465506934735e+04
4.104630886057270982e+04
4.143973350380374177e+04
4.183455519175041991e+04
4.223094590512123978e+04
4.262848919090961135e+04
4.302723052848110092e+04
4.342792991145517590e+04
4.383038821450128307e+04
4.423486217496952304e+04
4.464139909346101922e+04
4.505008734308048588e+04
4.546098775386821217e+04
4.587336080567393219e+04
4.628839474897630862e+04
4.670485044535897759e+04
4.725646063083735498e+04
4.767871951526147313e+04
4.810194380273781280e+04
4.899335803927190864e+04
4.942429930996245093e+04
4.985691671922961541e+04
5.029119334893475025e+04
5.072726045497032464e+04
5.116528416639164061e+04
5.160578422924291954e+04
5.204714574961657490e+04
5.249136762306431774e+04
5.293733452848801244e+04
5.338566106696585484e+04
5.383463629483547265e+04
5.428546200067159953e+04
5.473647212648091954e+04
5.549848003078530019e+04
5.595214248229219083e+04
5.640641219968618680e+04
5.708151495451368828e+04
5.753966042643496621e+04
5.799872441710657586e+04
5.845858518463749351e+04
5.891857038814758562e+04
5.937938617727537348e+04
5.984308417097442725e+04
6.030676546985901950e+04
6.077205431363754178e+04
6.123961130688179401e+04
6.170598817319414229e+04
6.217411992311732320e+04
6.264347326503401564e+04
6.311668804074162472e+04
6.358653122010277730e+04
6.405433308674625005e+04
6.451530046386117465e+04
6.496463961963434122e+04
6.542687294719883357e+04
6.414690886568536371e+04
6.460885843406154891e+04
6.507159784989462059e+04
6.553495969267177861e+04
6.599857438356650528e+04
6.646290827668893326e+04
6.692804529096343322e+04
6.739428354872021009e+04
6.786240421170777699e+04
6.833180550975074584e+04
6.880316989797903807e+04
6.927695275747102278e+04
6.975169648282456910e+04
7.022750501647801138e+04
7.070528531134958030e+04
7.118461435720679583e+04
7.166608886849416012e+04
7.214808811388853064e+04
7.262974492613176699e+04
7.311361009840860788e+04
7.360181007558522106e+04
7.428912128209706862e+04
7.478408150723963627e+04
7.528036517357360572e+04
7.577880388808195130e+04
7.627942946133152873e+04
7.678149899499128514e+04
7.728555728957033716e+04
7.779117180940858088e+04
7.829789629058666469e+04
7.880598796004161704e+04
7.931730682222604810e+04
7.983272086129638774e+04
8.035039339567454590e+04
8.086948738576570759e+04
8.139028884621751786e+04
8.191449016437691171e+04
8.244021866023546318e+04
8.394388596248396789e+04
8.447574194269758300e+04
8.500380216597051185e+04
8.552862862125951506e+04
8.605354018938388617e+04
8.740794941127242055e+04
8.794049548821762437e+04
8.798701954336029303e+04
8.853099298226914834e+04
8.907938384483737173e+04
8.963280246049989364e+04
9.018960799910603964e+04
9.074772249844425824e+04
9.130539197060267907e+04
9.186454719774349360e+04
9.242198665869214165e+04
9.250367979010690760e+04
9.305980077712415368e+04
9.361860765011400508e+04
9.417966986787960923e+04
9.474328109513656818e+04
9.531019751539832214e+04
9.588014353649743134e+04
9.645264569535545888e+04
9.702818299052963266e+04
9.760659817248128820e+04
9.818471512472802715e+04
9.876326772521268867e+04
9.934042047256832302e+04
9.991883133630256634e+04
1.004963670727422723e+05
1.010750795061282843e+05
1.016542940937913081e+05
1.017884870491003239e+05
1.023722764597250934e+05
1.029571599105905625e+05
1.035429956507056631e+05
1.041281650124429580e+05
1.047153827314686205e+05
1.064859519649234280e+05
1.070835159953412804e+05
1.076816306867739768e+05
1.082820064279482758e+05
1.088856368301301845e+05
1.094958093330011470e+05
1.101124782513352548e+05
1.107348330914695107e+05
1.113614852593016694e+05
1.119944154771503818e+05
1.155004698427015828e+05
1.161572741642553156e+05
1.158426123881954118e+05
1.164850271897075581e+05
1.171275441338915844e+05
1.177679176923576451e+05
1.184115052077112196e+05
1.190541300245359453e+05
1.196855192572646192e+05
1.203112066512568417e+05
1.209316835472967359e+05
1.214406596398544934e+05
1.220883600160009228e+05
1.227371772240810969e+05
1.233846802720625274e+05
1.251289063480682380e+05
1.257894323782165156e+05
1.264470861049835803e+05
1.271043737775154586e+05
1.277615202465552429e+05
1.284186246257207968e+05
1.290813546685229521e+05
1.297393672859396902e+05
1.303958950932736043e+05
1.310684622747201065e+05
1.325547605601447576e+05
1.332338136006114946e+05
1.339070016829398810e+05
1.345804818372298905e+05
1.352447575557295932e+05
1.371232615343322395e+05
1.378155825774002005e+05
1.385069860608867020e+05
1.392004634269196249e+05
1.398965169042705675e+05
1.405936623972221569e+05
1.412910581204589980e+05
1.419870500046402740e+05
1.426832959369733871e+05
1.433765427864510275e+05
1.440660769437152485e+05
1.447543193856170692e+05
1.454426998696443625e+05
1.461345858229494770e+05
1.468295285103534698e+05
1.475200313407345966e+05
1.482056393057139358e+05
1.488913751897222537e+05
1.495778857336209039e+05
1.502669433656479814e+05
1.509587350228772848e+05
1.516473374304582539e+05
1.523373148938601953e+05
1.530372844120252121e+05
1.497430669282984745e+05
1.504229104688062507e+05
1.510990744913177914e+05
1.517698218864422815e+05
1.524385541622485034e+05
1.530859613758347987e+05
1.537499765190486505e+05
1.555045315181806800e+05
1.561717266925279691e+05
1.568376697243534436e+05
1.575018575506955094e+05
1.581646437473498518e+05
1.588256874115651590e+05
1.594875882234830933e+05
1.601486055231468345e+05
1.608082913581217872e+05
1.614661050864760764e+05
1.621192503332212218e+05
1.627733258104598208e+05
1.634235858813469240e+05
1.640775256694943528e+05
1.645556029530579981e+05
1.652312997846892977e+05
1.671631551938756602e+05
1.678577261580814375e+05
1.703359700305922888e+05
1.687158068626830645e+05
1.694275736127191922e+05
1.701391439517930557e+05
1.708496752108926303e+05
1.715615035770821851e+05
1.722763442044405383e+05
1.729937556802629260e+05
1.737149628288542735e+05
1.744398164905107988e+05
1.751672527266510006e+05
1.758944344494438847e+05
1.766229958201554837e+05
1.773519794173412956e+05
1.780814533389150747e+05
1.788119864053242200e+05
1.795452663457208546e+05
1.802812610255133477e+05
1.810143734440626577e+05
1.817475313084289082e+05
1.824850134686848032e+05
1.832270910663309915e+05
1.839714783406992210e+05
1.847109299619211815e+05
1.854465666858007899e+05
1.861874303234079562e+05
1.869298136094801011e+05
1.876700724782528996e+05
1.884107714122222678e+05
1.891547687039672746e+05
1.899038265199359157e+05
1.931126798539930605e+05
1.938709897289199289e+05
1.946275658261977369e+05
1.953856985459907155e+05
1.961429597408871632e+05
1.969023462292339827e+05
1.976820502424349252e+05
1.984916238942932687e+05
1.993015960139161325e+05
2.001096853651420097e+05
2.009073306448346411e+05
1.949324866215176007e+05
1.956675749286788923e+05
1.963857581258780847e+05
1.962950931150696706e+05
1.970363623601820436e+05
1.977768896351099538e+05
1.985155961602328462e+05
1.992544971020152734e+05
1.999934399379118113e+05
2.007346959177665995e+05
2.014741077142413415e+05
2.022110704938053386e+05
2.011522374543361657e+05
2.018883057189680403e+05
2.026236826005006442e+05
2.033554232123762486e+05
2.040846157135503599e+05
2.048112287856503390e+05
2.055346849975158111e+05
2.062588783349253936e+05
2.069844961096682819e+05
2.077148372491844057e+05
2.084520102705007885e+05
2.091945245591537096e+05
2.099434655867959955e+05
2.106941695561058878e+05
2.114433563641466317e+05
2.121915436752873939e+05
2.129429061657282291e+05
2.136999444327105302e+05
2.144590359785369656e+05
2.152197136359715951e+05
2.159781074748648098e+05
2.167337052314459579e+05
2.174847264098701417e+05
2.182332973450219433e+05
2.189813702763022156e+05
2.222675279075722210e+05
2.230508523509404622e+05
2.238305930406968982e+05
2.246093059330555843e+05
2.253860909585182962e+05
2.261615513885426626e+05
2.269334068694264279e+05
2.277030441118494782e+05
2.284689802625727607e+05
2.292268652351608325e+05
2.282487409277145634e+05
2.263462173258883995e+05
2.270956163002536050e+05
2.278408232997147716e+05
2.331279122521494573e+05
2.338736353276280570e+05
2.346190433960294467e+05
2.353688803244526207e+05
2.361269457456211094e+05
2.368932195450586441e+05
2.376612833146376652e+05
2.384262334790769964e+05
2.391865722555110115e+05
2.399316392797601584e+05
2.406558373305601999e+05
2.364061544278548972e+05
2.371929412932076957e+05
2.379812375479334733e+05
2.387753287047798804e+05
2.395735789870442240e+05
2.403717955154606025e+05
2.411718999619146634e+05
2.419717259157398366e+05
2.427726262686977279e+05
2.435782441075635143e+05
2.443847232939733658e+05
2.451779593360640865e+05
2.459656346837727178e+05
2.467527143605527817e+05
2.475467015195470885e+05
2.483259323756291706e+05
2.491272463892514352e+05
2.499304084084503702e+05
2.507345215326022008e+05
2.473224350376408547e+05
2.480756972513613291e+05
2.488252927465494140e+05
2.495743169576395303e+05
2.503216121085627528e+05
2.510713397462512949e+05
2.518251149310792680e+05
2.525756610279227025e+05
2.533227803891006624e+05
2.540826205132417672e+05
2.548499542282122711e+05
2.607082820124124992e+05
2.615050816346790234e+05
2.614740593325914233e+05
2.622741195514390129e+05
2.630700264088008553e+05
2.638836023019459681e+05
2.646932302249424392e+05
2.639468197092241026e+05
2.647729346960739931e+05
2.720437576148325461e+05
2.728996227345698280e+05
2.737574184927321039e+05
2.742074131372065167e+05
2.750683325005894294e+05
2.759314482908736099e+05
2.767988203547349549e+05
2.776698839651923627e+05
2.785455381934923353e+05
2.794315925532585243e+05
2.803137378661041148e+05
2.811954485382696148e+05
2.820732904200697085e+05
2.829552806776777725e+05
2.838440560967855854e+05
2.847217347905763891e+05
2.855946684001078247e+05
2.864708901688691694e+05
2.812135635914443410e+05
2.820712649088302278e+05
2.829248299517854466e+05
2.837824260516354698e+05
2.846441284369119676e+05
2.854949049008361180e+05
2.932696835845657042e+05
2.941406493549032602e+05
2.949764104942523409e+05
2.958043842840463039e+05
2.965961083952632034e+05
2.816852643918558024e+05
2.825243924775309861e+05
2.833643258940529777e+05
2.842047942377045983e+05
2.850454273496035021e+05
2.858796414188722847e+05
2.867056867136570509e+05
