0.000000000000000000e+00
3.551836432761023232e+00
1.151982511645640983e+01
2.548816419793334376e+01
4.437255863033390568e+01
7.059450019885277072e+01
9.967319747506599015e+01
1.338852855001637181e+02
1.729663140656365954e+02
2.158229487540849334e+02
2.656047799465677031e+02
3.187470678868363052e+02
3.731320591847866694e+02
4.288218810441763367e+02
4.875024252777182028e+02
5.519654017197176472e+02
6.220428494996001518e+02
6.952575611212330386e+02
7.799319200991179741e+02
8.583346518964556253e+02
9.447187445808342545e+02
1.033409236672722727e+03
1.129963133628095648e+03
1.234009278578119847e+03
1.333457708754488522e+03
1.432937365405798801e+03
1.547644195610540010e+03
1.660870303600623174e+03
1.771174296643157504e+03
1.898731856214349591e+03
2.022458610180923642e+03
2.154422872303418899e+03
2.299624844195630430e+03
2.443494577241511706e+03
2.582282864803662960e+03
2.733006355284232995e+03
2.886245132186000774e+03
3.041206069383765680e+03
3.205499846031950710e+03
3.366067802929715072e+03
3.535293045453689047e+03
3.713062199859663906e+03
3.902735955927691521e+03
4.088816981180280891e+03
4.267048193474298387e+03
4.460772031895920009e+03
4.658628838271049062e+03
4.843978279029757687e+03
5.048115010675138365e+03
5.258901298014385247e+03
5.456324636581059167e+03
5.651655770654193475e+03
5.835880395325273639e+03
6.020773470504762372e+03
6.214119885395293750e+03
6.416995518382391310e+03
6.618137088427832168e+03
6.819568215620265619e+03
7.017324295890151916e+03
7.241230226525944090e+03
7.477173699496832342e+03
7.728040485322488166e+03
8.002753593696026655e+03
8.265181628423657457e+03
8.521498122947268712e+03
8.793034979993874003e+03
9.086625297489292279e+03
9.382130552618040383e+03
9.658384326369921837e+03
9.921864495287676618e+03
1.024175622797509095e+04
1.051589313735551877e+04
1.079268654825483281e+04
1.105853237285244541e+04
1.136165103625045231e+04
1.165741317625377815e+04
1.197744053797825472e+04
1.227537501221752973e+04
1.260127325558450502e+04
1.295399184574146057e+04
1.329438338473368094e+04
1.361234081376573522e+04
1.394007077574942923e+04
1.427351992062028330e+04
1.461394606409751214e+04
1.491778384791205099e+04
1.524742739649912619e+04
1.557794960207069380e+04
1.590622607943065668e+04
1.591764628385435026e+04
1.617946983251036909e+04
1.651059920593945935e+04
1.682950165876464234e+04
1.719104862044148467e+04
1.754336852583917789e+04
1.791809288191174710e+04
1.828713785766222645e+04
1.868078893002798213e+04
1.905080220669959454e+04
1.944147612980497070e+04
1.985005218431702087e+04
2.021308737273325823e+04
2.056745603019015471e+04
2.092272872742194522e+04
2.145731061127785870e+04
2.186911039313594665e+04
2.225509220648321934e+04
2.263473751594313580e+04
2.301880411838571672e+04
2.344491808830812442e+04
2.384517038581084125e+04
2.423015229750471190e+04
2.460522547741661037e+04
2.499499796664654787e+04
2.537747821777686841e+04
2.576156816124944817e+04
2.619057303103128652e+04
2.669151688335887957e+04
2.717418751303301178e+04
2.759434983355803342e+04
2.800537650041561210e+04
2.845663829854703727e+04
2.892681519320382358e+04
2.937963556834144765e+04
2.977889148561621550e+04
3.020310064448940102e+04
3.060295886395018169e+04
3.103985202912958630e+04
3.147785778110867250e+04
3.192405279031321697e+04
3.237414546246443206e+04
3.283534324760516756e+04
3.340227829657008260e+04
3.390019278167805896e+04
3.441488765067182976e+04
3.490770594960245944e+04
3.546703873988545820e+04
3.604403760932135629e+04
3.658351583187340293e+04
3.711865072085562133e+04
3.771658557220836519e+04
3.842324844747317547e+04
3.899007504308327043e+04
3.957650934077727288e+04
4.021515989468905900e+04
4.108510153224122769e+04
4.172912025725241983e+04
4.230839568066044012e+04
4.286371734558137541e+04
4.346839409063883795e+04
4.346904545352280547e+04
4.408750070497624984e+04
4.467098663146499894e+04
4.527963604599662358e+04
4.585425132674302586e+04
4.641698455449334870e+04
4.700382966436371498e+04
4.759068765830381744e+04
4.820607343751809094e+04
4.885697123182380165e+04
4.948309465379536414e+04
5.005761970032403042e+04
5.063516260065147799e+04
5.129320859081417439e+04
5.191885871551344462e+04
5.254759447894649929e+04
5.315483766521599318e+04
5.255819430171469139e+04
5.318217215385980671e+04
5.380616184158391843e+04
5.449052984151875717e+04
5.512990509374866087e+04
5.575107997944514500e+04
5.641514915979694342e+04
5.710387001175084151e+04
5.780574097467601678e+04
5.840779384575165022e+04
5.903462235921763931e+04
5.960092861337424256e+04
6.012600720629249554e+04
6.075465238218654849e+04
6.072596209189063666e+04
6.144025384406052763e+04
6.213613181327690836e+04
6.283238097675777681e+04
6.355812868359773711e+04
6.425533597300590918e+04
6.491263506742486788e+04
6.565549070390347333e+04
6.642152594984388270e+04
6.715836863930609252e+04
6.795745398321277753e+04
6.865674897919008799e+04
6.931203047871714807e+04
7.000323471500424785e+04
7.066268437114221160e+04
7.133621759503487556e+04
7.199642947821694543e+04
7.254511644803805393e+04
7.327219415167461557e+04
7.398341522521001752e+04
7.539679373983581900e+04
7.623327340792152972e+04
7.712157702062341559e+04
7.796371316352381837e+04
7.872524719622144767e+04
8.007337330230738735e+04
8.088879045382101322e+04
8.168928155937540578e+04
8.245982357696129475e+04
8.325958454648916086e+04
8.410047406372394471e+04
8.493741788810885919e+04
8.577699235271595535e+04
8.652115404827018210e+04
8.730770231984452403e+04
8.802666972330206772e+04
8.848238714906538371e+04
8.940712343961183797e+04
9.022706430345179979e+04
8.939958073941142356e+04
9.015899818125664024e+04
9.092833038637806021e+04
9.172692279320585658e+04
9.252252359517740842e+04
9.332971200330482679e+04
9.411674806721540517e+04
9.487952237182078534e+04
9.573586658794083633e+04
9.766462225823799963e+04
9.846825089845177718e+04
9.930156048614747124e+04
1.001451634667179460e+05
1.010663093871285091e+05
1.018428144807632198e+05
1.026167570283516252e+05
1.034602311198224197e+05
1.043199436047156487e+05
1.051591504482069868e+05
1.060887656059657456e+05
1.069594530349662673e+05
1.056223220471421519e+05
1.064443400852374471e+05
1.072218888515099825e+05
1.080111823410899960e+05
1.088515353011509578e+05
1.073973191092693305e+05
1.082452174000632658e+05
1.090792927632980573e+05
1.099605867536147998e+05
1.108214699601079919e+05
1.121874203796136862e+05
1.130253706383953104e+05
1.118649965350976709e+05
1.126646781155235949e+05
1.127741129941722902e+05
1.136714314014305710e+05
1.145980502198275499e+05
1.154072216291983787e+05
1.162938807364790846e+05
1.172185228277470451e+05
1.180675877484338998e+05
1.189116770373447216e+05
1.197369156404946552e+05
1.205372012905524170e+05
1.222675935044136859e+05
1.230566221456302301e+05
1.239367173306129844e+05
1.214459413426250976e+05
1.222934732443038811e+05
1.231293352982595243e+05
1.239134397267004970e+05
1.247067252264031558e+05
1.254334350618406606e+05
1.262426476165555650e+05
1.276074136430440267e+05
1.283991090843956918e+05
1.291526373885340290e+05
1.299594624363265611e+05
1.306559719468917610e+05
1.313865475194332539e+05
1.306629590485556691e+05
1.315043124512127542e+05
1.322905397345042729e+05
1.329664665069608018e+05
1.336303740599818993e+05
1.343859255961771123e+05
1.340212367342509388e+05
1.323983825052253378e+05
1.332012876437403320e+05
1.340933670401652344e+05
1.349356258838076610e+05
1.359194794519628340e+05
1.367268420855552831e+05
1.375513036505177151e+05
1.385263016958395019e+05
1.395281391298662929e+05
1.405381306849153771e+05
1.415587948761907464e+05
1.424403924156317953e+05
1.433191951690689020e+05
1.442457306212719996e+05
1.435343926429077692e+05
1.445887195269591757e+05
1.483662211436654325e+05
1.494345859831595153e+05
1.504740247549689957e+05
1.515170457020908943e+05
1.524524300984856673e+05
1.542220004219241091e+05
1.552868725704346725e+05
1.564266306854880822e+05
1.574685579917664290e+05
1.594297639502151578e+05
1.603068943842490553e+05
1.613376471274594369e+05
1.622894955558201473e+05
1.632764516210579313e+05
1.641992867597113946e+05
1.651561713604552206e+05
1.662475368394733523e+05
1.672582238547146262e+05
1.682632912516952492e+05
1.679095586592735490e+05
1.688882017860296764e+05
1.699379509313980234e+05
1.709589137516225455e+05
1.668663502936428122e+05
1.677747034142969642e+05
1.688409866149397858e+05
1.698184541631545871e+05
1.707485774681518669e+05
1.717452020961326489e+05
1.733052294585058407e+05
1.741471339070617687e+05
1.749490778387778264e+05
1.757700984879442840e+05
1.767977056786873436e+05
1.777672963066404336e+05
1.786921390145566547e+05
1.794951670785774477e+05
1.805345426236282219e+05
1.830498513128356135e+05
1.842230589931611903e+05
1.852807122386825795e+05
1.862497246703922283e+05
1.872748434683183441e+05
1.882158752626969945e+05
1.892748095523937664e+05
1.902980752284175542e+05
1.914175693477989116e+05
1.924702520808536792e+05
1.935035055643047672e+05
1.945663941859341285e+05
1.957284227144652104e+05
1.992908360331901931e+05
2.003216030522547080e+05
2.013109270072277577e+05
2.024659190057890373e+05
2.036366905854286742e+05
1.996828360582393943e+05
2.009621104763060866e+05
2.015912433303664729e+05
2.027392554408226861e+05
2.039792079603451130e+05
2.050958991929144249e+05
2.062556152974152355e+05
2.073345466070716502e+05
2.041523308182078763e+05
2.052799253725452581e+05
2.063691051993258297e+05
2.073251004648916423e+05
2.083715903893121285e+05
2.097430744869216869e+05
2.071707093831030652e+05
2.083476735995804192e+05
2.095276789079946757e+05
2.107859752079953032e+05
2.117100780987322505e+05
2.127203749514970696e+05
2.138176888818794978e+05
2.149162867440411064e+05
2.159378802177020116e+05
2.159094422987758880e+05
2.167182058084769815e+05
2.176478182556199026e+05
2.185797469813234056e+05
2.195502613908483472e+05
2.208220477810635348e+05
2.218740400813795277e+05
2.228702667964889260e+05
2.238405829036669747e+05
2.248006086054955376e+05
2.256556105511300266e+05
2.266614496001747611e+05
2.275759284335041302e+05
2.284883181984513067e+05
2.294741184651661897e+05
2.304431613940427196e+05
2.312108102742274059e+05
2.318556381905415328e+05
2.328224316191471589e+05
2.337948132965604891e+05
2.357404988938447786e+05
2.368291192050907412e+05
2.378454219822825107e+05
2.387642823590729968e+05
2.397732922594484698e+05
2.406469751517145196e+05
2.417391757909240841e+05
2.426767126425794850e+05
2.436535062294932723e+05
2.447989622324908269e+05
2.459053121032150812e+05
2.469610925985164358e+05
2.479948032926355081e+05
2.490104610398951627e+05
2.540623644092839968e+05
2.549645297990870022e+05
2.559839356216261222e+05
2.570155741407838650e+05
2.579346773596625135e+05
2.586763814718871436e+05
2.594670682700141624e+05
2.604266983300712309e+05
2.614702860458125942e+05
2.626401554158296203e+05
2.635943554149848060e+05
2.645574045748659992e+05
2.655446876410087571e+05
2.664692809338964289e+05
2.674540461548583116e+05
2.685019814662721474e+05
2.693908166108387522e+05
2.695629894551832695e+05
2.705180614682577434e+05
2.714387971861856058e+05
2.724748910621602554e+05
2.736194734445200302e+05
2.746096809815055458e+05
2.755049763951722416e+05
2.764697510520740761e+05
2.782947786254555103e+05
2.795050855434737168e+05
2.807160555909071118e+05
2.816816550565480720e+05
2.826902569944757270e+05
2.838183148762024939e+05
2.850928974908470991e+05
2.860239495078711770e+05
2.870528615702611860e+05
2.881087998795844615e+05
2.893119594106432050e+05
2.904480680609930423e+05
2.837385280575128272e+05
2.847021496737556881e+05
2.857439707667434704e+05
2.863831228654304286e+05
2.871905928215088788e+05
2.881404359792319010e+05
2.891936922188289464e+05
2.903011872047295328e+05
2.912606262517038267e+05
2.922934484346273821e+05
2.933299960337401135e+05
2.944056971661907155e+05
2.955602883024179609e+05
2.965413776951816399e+05
2.976383734718761989e+05
2.987485868802178302e+05
2.998341590383574367e+05
3.009136572295909282e+05
3.020110172167785931e+05
3.032031949533264269e+05
3.043448965310528292e+05
3.054818921227762476e+05
3.065364241764999460e+05
3.074740539451654186e+05
3.085417087062940700e+05
3.095982025307288277e+05
3.105888470305934898e+05
3.116797223903446575e+05
3.126385565035626641e+05
3.060646508731527720e+05
3.068767184268748970e+05
3.078336709606556105e+05
3.088875995028170291e+05
3.098184943236543913e+05
3.107851636632670416e+05
3.115454181602855097e+05
3.124994528242363594e+05
3.162912345471874578e+05
3.172640021021921420e+05
3.182522894040723913e+05
3.191561256092545227e+05
3.200813107639076188e+05
3.210841028565320885e+05
3.219820877523696399e+05
3.231280105764432228e+05
3.239058136858161888e+05
3.248068090199863655e+05
3.256657197125137318e+05
3.267560103318605106e+05
3.278261595915420330e+05
3.289289923592458363e+05
3.299978968365393812e+05
3.309942577609285363e+05
3.318592296811982524e+05
3.288545368460652535e+05
3.297750829118280672e+05
3.309391652956894250e+05
3.319595423840395524e+05
3.330382976702149026e+05
3.341504632411687053e+05
3.350339747647895711e+05
3.359378401635457994e+05
3.367879553735329537e+05
3.376085011429646402e+05
3.383353121306167450e+05
3.391538301263605827e+05
3.398859410154994112e+05
3.410500768286899547e+05
3.419656407908496913e+05
3.427853410120914923e+05
3.437233748220683774e+05
3.445763441281963605e+05
3.521939772313418798e+05
3.533483494378675241e+05
3.544306862913651858e+05
3.554800785426073708e+05
3.565305392832957441e+05
3.574587274965737597e+05
3.583755766839400167e+05
3.705791650676959543e+05
3.714947868826026679e+05
3.725545946211389964e+05
3.734823826549859950e+05
3.672586290307136369e+05
3.724801463250511442e+05
3.737352558402561117e+05
3.752189877777340589e+05
3.765379242692257394e+05
3.780852815180950565e+05
3.810280055241118534e+05
3.822563255758603336e+05
3.835813234588876367e+05
3.848052462147593615e+05
3.884523011470047641e+05
3.894390747521683807e+05
3.905559849836701760e+05
3.917072873791117454e+05
3.930840855846169288e+05
3.945766860384372412e+05
3.958961762997353799e+05
3.971813921005442971e+05
3.989024085798184969e+05
4.001434758999072947e+05
4.029279758482041652e+05
4.041264521666639484e+05
4.068150872491899645e+05
4.081805641700051492e+05
4.095301479260034976e+05
4.106614104685164057e+05
4.117232010392014636e+05
4.129792963381648879e+05
4.142769372276478680e+05
4.157910971834948286e+05
4.171264287627924932e+05
4.183226796593497274e+05
4.194871595055743237e+05
4.206107296613852377e+05
4.218250196972044068e+05
4.233090723961776821e+05
4.247363475209760363e+05
4.261568417479627533e+05
4.276188827560686041e+05
4.288471795765935676e+05
4.300206024778097635e+05
4.313002010550990235e+05
4.324500363209305215e+05
4.253927791110553662e+05
4.260503790266791475e+05
4.171228979038537364e+05
4.080057990958456066e+05
4.087898774400906404e+05
4.096621633985058870e+05
4.105675354587447364e+05
4.115097903616039548e+05
4.127805927734483848e+05
4.139518928010218660e+05
4.149212607672441518e+05
4.156694137874727603e+05
4.161014654335332452e+05
4.156402221096965368e+05
4.164368741975310841e+05
4.175093511881247396e+05
4.183206474256760557e+05
4.195201887877077679e+05
4.206867560675446875e+05
4.220901556464650203e+05
