1.532759289082268328e+00
5.690597639871390889e+00
1.229027879704514881e+01
2.119532044069364574e+01
3.228485403946878307e+01
4.547258825813482730e+01
6.069518957324225283e+01
7.790953786612300291e+01
9.706950232257285904e+01
1.181624603227548533e+02
1.411543671667187994e+02
1.660384558585396917e+02
1.927876366971886455e+02
2.213985771165748986e+02
2.518818150576338155e+02
2.842079062336699735e+02
3.183749535175930987e+02
3.543550336637953251e+02
3.921347631444374429e+02
4.317158701428716654e+02
4.730954197021457048e+02
5.162884986648271024e+02
5.612938612908503728e+02
6.080902242260557387e+02
6.566523896396599866e+02
7.069645241206097808e+02
7.590084209326340670e+02
8.128228704504914504e+02
8.683784482420725226e+02
9.256599078290236093e+02
9.846597178419731335e+02
1.045390117555442657e+03
1.107846855453199169e+03
1.172006227205587038e+03
1.237890813494718941e+03
1.305485418626356932e+03
1.374793836937462174e+03
1.445832342901327365e+03
1.518576028535854903e+03
1.593051265818605088e+03
1.669259874712152623e+03
1.747215236052646333e+03
1.826887565316195378e+03
1.908224576384832744e+03
1.991260546554016400e+03
2.076034979017605110e+03
2.162553770140887991e+03
2.250784644326007310e+03
2.340728251132853529e+03
2.432405754839671317e+03
2.525774311051590303e+03
2.620884845180485172e+03
2.717629709019588518e+03
2.816077050829403561e+03
2.916226421462160033e+03
3.018066024582357386e+03
3.121585816560283092e+03
3.226720700125089934e+03
3.333506833120982265e+03
3.441919596839180031e+03
3.551957452156415457e+03
3.663607533354048428e+03
3.776831044823788943e+03
3.891687511287776033e+03
4.008175061313361311e+03
4.126459531162009625e+03
4.246412581369724649e+03
4.368084001049702238e+03
4.491315809365671157e+03
4.616157217801977822e+03
4.742528713882664306e+03
4.870447665011459321e+03
4.999975277137496960e+03
5.131202982834903196e+03
5.264121499348116231e+03
5.398769195682349164e+03
5.535102867907179643e+03
5.673097713909249251e+03
5.812668122098449203e+03
5.953815327591092682e+03
6.096410960872675787e+03
6.240550707356178464e+03
6.386221150750086963e+03
6.533475407222239483e+03
6.682287915926458481e+03
6.832692994398933479e+03
6.984789981911787436e+03
7.138428520106860560e+03
7.293536018453625729e+03
7.450209054209341048e+03
7.608470289447252071e+03
7.768373977478655434e+03
7.930096471582469349e+03
8.093472204614992734e+03
8.258658747100407709e+03
8.425689315105273636e+03
8.594364995204699881e+03
8.764791195774279913e+03
8.936857543172465739e+03
9.110608393998194515e+03
9.286303280580032151e+03
9.463900907645944244e+03
9.643477606145779646e+03
9.938326932189185754e+03
1.012350905511700148e+04
1.031054835011602881e+04
1.049930262387761650e+04
1.068971863816047698e+04
1.088183414578634802e+04
1.107565332961791682e+04
1.127085638462936731e+04
1.146776125671731097e+04
1.166623652029618643e+04
1.186648498533204474e+04
1.206858690493488211e+04
1.227249530580514511e+04
1.247800394763255827e+04
1.268532964059935875e+04
1.289410347081517466e+04
1.310446085953180045e+04
1.331644715015999282e+04
1.352999430593181205e+04
1.374510518056631918e+04
1.396170771260695255e+04
1.417997103307710131e+04
1.439993776367601095e+04
1.462143746042780003e+04
1.484438144090332753e+04
1.506909403233985176e+04
1.529549106663205202e+04
1.552357113818272228e+04
1.575312429105446427e+04
1.598412500867410927e+04
1.621666477926238440e+04
1.645074383770290660e+04
1.668687382521483596e+04
1.692459397554151656e+04
1.716353871229740616e+04
1.740392034281822998e+04
1.764581655242112174e+04
1.788932359015673865e+04
1.813423818939768898e+04
1.838066520482482156e+04
1.862828627852210047e+04
1.887756585006010209e+04
1.912790187649583822e+04
1.938005655703106095e+04
1.963354248150406056e+04
1.988791353697259547e+04
2.014436772715876577e+04
2.045033512477766271e+04
2.071053360130894725e+04
2.097243228874773922e+04
2.123616458150712060e+04
2.150200882280474252e+04
2.177004823522733204e+04
2.204012905943603255e+04
2.231179701904079411e+04
2.258523159293080244e+04
2.286052759434768450e+04
2.313726720821391791e+04
2.341536202270137437e+04
2.369491721445737858e+04
2.397578173603327014e+04
2.425833426800405869e+04
2.454288481816756394e+04
2.482888791837352255e+04
2.528310616016846325e+04
2.557423794710807124e+04
2.586697599267162877e+04
2.616165702891862384e+04
2.645771166091114355e+04
2.675491945857405517e+04
2.705373073714828206e+04
2.735375384850065529e+04
2.765472812972227621e+04
2.795726000049926733e+04
2.826084316993441462e+04
2.856615992194489081e+04
2.887273934978130274e+04
2.918099656265200611e+04
2.949018358454574627e+04
2.980026767961330552e+04
3.011073392609295115e+04
3.042229814390701358e+04
3.073380502379360405e+04
3.104634607439982210e+04
3.136008390689011503e+04
3.167462489897128398e+04
3.199048452423819253e+04
3.230802543480063832e+04
3.262700959962223351e+04
3.294912065349017939e+04
3.327295350283532025e+04
3.360013945953146322e+04
3.392910520701071073e+04
3.425956734602731740e+04
3.492295994861592771e+04
3.525729459972166660e+04
3.566091254733114329e+04
3.600148075808637805e+04
3.634294235381890030e+04
3.668548164537035336e+04
3.702931099509116757e+04
3.737406986968687124e+04
3.771979132674156426e+04
3.806725908886315301e+04
3.841625243932739977e+04
3.876692598624117818e+04
3.911933916734073864e+04
3.947347665055803373e+04
3.982966025119502592e+04
4.018711835384926962e+04
4.054702935116582375e+04
4.090788722483382298e+04
4.132787766082925373e+04
4.169361913686701155e+04
4.205967245314738102e+04
4.287616904339686880e+04
4.324911147991754115e+04
4.362343572867444163e+04
4.399919022253934236e+04
4.437650621680936456e+04
4.475556773393832555e+04
4.513703395911013649e+04
4.551951244591022260e+04
4.590476479647275846e+04
4.629169054802288883e+04
4.668086041484719317e+04
4.707044081884725892e+04
4.746181781133748154e+04
4.785337192760926700e+04
4.847672598903757171e+04
4.886944350685062091e+04
4.926265239719834790e+04
4.978243205993442098e+04
5.017879635521987802e+04
5.057595386203323869e+04
5.097373313180337573e+04
5.137159503058055270e+04
5.177013725151072140e+04
5.217097426850208285e+04
5.257191833389695239e+04
5.297422952686373901e+04
5.337833687618031399e+04
5.378165599418217607e+04
5.418638727341351478e+04
5.459210751865540078e+04
5.500080546470003901e+04
5.540716638028887246e+04
5.581218799178737390e+04
5.621240732556208968e+04
5.660415614749396627e+04
5.700553794550949533e+04
5.574701349091757584e+04
5.614573770650012011e+04
5.654516728924271592e+04
5.694528399013954186e+04
5.734580410475323879e+04
5.774700637618422479e+04
5.814892140063427360e+04
5.855189404595526867e+04
5.895649002137090429e+04
5.936219704334504786e+04
5.976965818425630277e+04
6.017915010578621150e+04
6.058930883841941977e+04
6.100024292668382986e+04
6.141291641598584101e+04
6.182684762801470060e+04
6.224257543399489077e+04
6.265843663576791005e+04
6.307381502389407979e+04
6.349128443769043952e+04
6.391298475752627564e+04
6.439499244911891583e+04
6.482197192463487590e+04
6.524995543119242211e+04
6.567973735085902445e+04
6.611128582158079371e+04
6.654402115723188035e+04
6.697837444177703583e+04
6.741403617729518737e+04
6.785062274181579414e+04
6.828841176593623823e+04
6.872897891548738698e+04
6.917299368142143067e+04
6.961893129976827186e+04
7.006587111361282587e+04
7.051417866487592983e+04
7.096534643205611792e+04
7.141786009077253402e+04
7.285745869844047411e+04
7.331529390984505881e+04
7.376953156862199830e+04
7.422095789076221990e+04
7.467235381639638217e+04
7.588120737016339262e+04
7.633945003876116243e+04
7.619693442768233945e+04
7.666344371204535128e+04
7.713350412129366305e+04
7.760777338279421383e+04
7.808501776227296796e+04
7.856344440274087538e+04
7.904154393098456785e+04
7.952102440418586775e+04
7.999924584985421097e+04
7.986923357159041916e+04
8.034513144575983461e+04
8.082344344102432660e+04
8.130364328519483388e+04
8.178582548517890973e+04
8.227067684982105857e+04
8.275812460590757837e+04
8.324775013344128092e+04
8.373982649190349912e+04
8.423421446553253918e+04
8.472837921603822906e+04
8.522269360834993131e+04
8.571560320938543009e+04
8.620948281778345699e+04
8.670248829333501635e+04
8.719616801809061144e+04
8.768980899972603947e+04
8.757282215576898307e+04
8.806833844354997564e+04
8.856457652299784240e+04
8.906120515992435685e+04
8.955729946478038619e+04
9.005483468644652748e+04
9.166586458158477035e+04
9.217141056602282333e+04
9.267719106169990846e+04
9.318488069624007039e+04
9.369517464465787634e+04
9.421114960829843767e+04
9.473351990776836465e+04
9.526140522136748768e+04
9.579305437670565152e+04
9.633007077419346024e+04
9.974175874548434513e+04
1.002981438188102038e+05
9.976455439960019430e+04
1.003073366373057652e+05
1.008507891887929873e+05
1.013932120051051461e+05
1.019390946618416492e+05
1.024846039757984254e+05
1.030220017712839763e+05
1.035552112254682143e+05
1.040853340445184731e+05
1.042055098583656509e+05
1.047561825349722203e+05
1.053072304763693828e+05
1.058553354000866384e+05
1.072781194059467525e+05
1.078366500937260716e+05
1.083912150764632970e+05
1.089443786828177399e+05
1.094964291773309815e+05
1.100475025396710262e+05
1.106039871107998624e+05
1.111546294437989709e+05
1.117031697541578324e+05
1.122693364278676745e+05
1.133431095554933418e+05
1.139131553622412030e+05
1.144754721285376436e+05
1.150374588742130582e+05
1.155872271706970059e+05
1.170853480599414761e+05
1.176656562737068889e+05
1.182459661085994303e+05
1.188280350830022217e+05
1.194120341099582583e+05
1.199969872321853181e+05
1.205820645514201897e+05
1.211656260430196271e+05
1.217490529498948308e+05
1.223300737328473915e+05
1.229082115436117310e+05
1.234847160643811803e+05
1.240607736227413552e+05
1.246390644178944785e+05
1.252192807950246934e+05
1.257962743751995004e+05
1.263701237852167833e+05
1.269439974382770743e+05
1.275186038903275912e+05
1.280959036113235343e+05
1.286754164887669322e+05
1.292531807539766742e+05
1.298323556147072668e+05
1.304178923608493496e+05
1.275968456279291131e+05
1.281640326202652213e+05
1.287279592979859735e+05
1.292874181928997859e+05
1.298451820660648082e+05
1.299763943588964758e+05
1.305274378287555446e+05
1.317684357064847427e+05
1.323221571041664865e+05
1.328750118340625777e+05
1.334265854013543285e+05
1.339765842286493280e+05
1.345251398077099293e+05
1.350741828018358792e+05
1.356222247193209478e+05
1.361693740535040561e+05
1.367145222506205901e+05
1.372553368706102483e+05
1.377963524800300365e+05
1.383332999564135389e+05
1.388714426987494808e+05
1.387811242549491872e+05
1.393369382429983816e+05
1.406832979435614252e+05
1.412541371885658300e+05
1.432136571825630672e+05
1.413424026434895059e+05
1.419262750352562871e+05
1.425098831841112114e+05
1.430924957086080394e+05
1.436759031541818404e+05
1.442612592145011877e+05
1.448481924850203504e+05
1.454376089929360605e+05
1.460294144924301363e+05
1.466226571549912624e+05
1.472153697180677846e+05
1.478086537210804527e+05
1.484017497571105487e+05
1.489947808177283441e+05
1.495882928903350548e+05
1.501830519900126674e+05
1.507793135087704286e+05
1.513729661691361689e+05
1.519665991502628603e+05
1.525633144984722894e+05
1.531635027796670329e+05
1.537655682005908748e+05
1.543648889138720697e+05
1.549623088399462868e+05
1.555640500903810898e+05
1.561679048521930818e+05
1.567706560408570804e+05
1.573737680285849201e+05
1.579796002627608832e+05
1.585900193244859984e+05
1.612670884569583286e+05
1.618843282378345903e+05
1.625003654508499312e+05
1.631172410595243855e+05
1.637334997374582745e+05
1.643510121260677697e+05
1.649823955304398260e+05
1.656333328862973431e+05
1.662856304872170440e+05
1.669372694053930463e+05
1.675837214307942486e+05
1.626082185351553780e+05
1.632108150368999050e+05
1.638016030405146012e+05
1.626784428506030526e+05
1.632810084483157552e+05
1.638825512826565828e+05
1.644820901916480216e+05
1.650813425687788404e+05
1.656800369400553755e+05
1.662802090337807022e+05
1.668785187378915434e+05
1.674745144567175012e+05
1.657732815661502245e+05
1.663639366679348750e+05
1.669532528870046372e+05
1.675389535909320985e+05
1.681218155685835227e+05
1.687023755364557728e+05
1.692805079039937991e+05
1.698593856667804939e+05
1.704395061660212232e+05
1.710240614557134686e+05
1.716146681485325971e+05
1.722100785229857720e+05
1.728108014784980332e+05
1.734130681574749469e+05
1.740140303354636708e+05
1.746136681925542362e+05
1.752156738111681479e+05
1.758221348836364050e+05
1.764303434923943423e+05
1.770399725935360184e+05
1.776472358868397423e+05
1.782514345021030167e+05
1.788503356281612650e+05
1.794463422667960112e+05
1.800423207577043504e+05
1.824240008408252324e+05
1.830556645107010845e+05
1.836845726969320676e+05
1.843130209370926023e+05
1.849407356469077640e+05
1.855685903313324379e+05
1.861945095593858568e+05
1.868200445529561548e+05
1.874437139774831012e+05
1.880622265069837158e+05
1.862406405219083244e+05
1.836410342930941842e+05
1.842458213347215496e+05
1.848465115424862888e+05
1.897428243559527327e+05
1.903408997907030280e+05
1.909387980359817448e+05
1.915399211899595393e+05
1.921472118061880465e+05
1.927608575308974832e+05
1.933756343954539916e+05
1.939877141494540265e+05
1.945966977900365600e+05
1.951955633142440929e+05
1.957790422494488885e+05
1.901911877328363189e+05
1.908149729186751356e+05
1.914401172391037398e+05
1.920694455935109290e+05
1.927015172259089013e+05
1.933333563545962097e+05
1.939663766841274919e+05
1.945989869135665649e+05
1.952322327079782845e+05
1.958688105875135516e+05
1.965057271330639196e+05
1.971325712669738859e+05
1.977546430372430186e+05
1.983756378128593497e+05
1.990015715240231948e+05
1.996161185700740607e+05
2.002472436713203206e+05
2.008798534838079358e+05
2.015131299689651059e+05
1.974572033209976507e+05
1.980466255745685776e+05
1.986337063961213862e+05
1.992214436900784203e+05
1.998080808760111104e+05
2.003964695509196317e+05
2.009879201137787895e+05
2.015755641097968619e+05
2.021588874453172903e+05
2.027506743934880069e+05
2.033484476315687643e+05
2.083058573310977081e+05
2.089274878930000414e+05
2.073861518919866940e+05
2.080078536407240899e+05
2.086264544930167031e+05
2.092604999259152974e+05
2.098922118441448256e+05
2.076426906266011065e+05
2.082819779539665033e+05
2.148557494512009434e+05
2.155294941744379757e+05
2.162057076473475609e+05
2.148125043479095330e+05
2.154858340029597748e+05
2.161602636075404007e+05
2.168378563943616173e+05
2.175185252002906636e+05
2.182021615810139920e+05
2.188932443011039868e+05
2.195810470424711821e+05
2.202678266618927009e+05
2.209507269068625174e+05
2.216353735566373798e+05
2.223222953421723505e+05
2.229988272715403000e+05
2.236713565852891770e+05
2.243459296405657951e+05
2.182882637936732499e+05
2.189402588478819816e+05
2.195889830446653650e+05
2.202380800547615218e+05
2.208834242890174792e+05
2.215225165529481019e+05
2.279588162048651138e+05
2.286307339578083484e+05
2.292814323827328917e+05
2.299272877285666764e+05
2.305524929272959707e+05
2.182358634775000683e+05
2.188758031856903981e+05
2.195160931059650029e+05
2.201559340400171641e+05
2.207982486386331439e+05
2.214366564931532484e+05
2.220693218993012852e+05
