2.509478731192533729e+00
9.306905146463760659e+00
2.010566921556872799e+01
3.469542128962378058e+01
5.292634817465206254e+01
7.465588239494921652e+01
9.981561805135416421e+01
1.283560790559704969e+02
1.602050134973688955e+02
1.953426981215874321e+02
2.336808424578701704e+02
2.751956617072228255e+02
3.198466267924987960e+02
3.676026418444215551e+02
4.185139599962762986e+02
4.725489155741029776e+02
5.297131763155708768e+02
5.899729320144788289e+02
6.533445534735294586e+02
7.198516195121071632e+02
7.894714052401084246e+02
8.622230302062600913e+02
9.380679951700695938e+02
1.017000111010064415e+03
1.098999019819398427e+03
1.183991767350338705e+03
1.271908756199238042e+03
1.362773353521731224e+03
1.456592376382284101e+03
1.553329488787642731e+03
1.653027884076141390e+03
1.755657291113061547e+03
1.861139074611306796e+03
1.969525256363267999e+03
2.080776159761694998e+03
2.194810061723710078e+03
2.311681438021576014e+03
2.431360609481891515e+03
2.553884790293079277e+03
2.679245142447859507e+03
2.807448811745304283e+03
2.938563339167357299e+03
3.072566687364148947e+03
3.209252720193799178e+03
3.348738415658642225e+03
3.491065266090110072e+03
3.636115260395591577e+03
3.784096326833409876e+03
3.935052392305030025e+03
4.088945388482361068e+03
4.245928659711990804e+03
4.406146611663468320e+03
4.569450026422053270e+03
4.735859597628587835e+03
4.905414287328283535e+03
5.078001568830542055e+03
5.253680506993245217e+03
5.432341779222674631e+03
5.614175412044797667e+03
5.799238632250470800e+03
5.987149755288545748e+03
6.177994815281198498e+03
6.371853277489230095e+03
6.568812269229842059e+03
6.768810631029943579e+03
6.971741516030762796e+03
7.177546306217562233e+03
7.386420218151929475e+03
7.598244689455238586e+03
7.813206297908503075e+03
8.031345739517829315e+03
8.252896683858214601e+03
8.477469949066004119e+03
8.705170588831389978e+03
8.935692496518655389e+03
9.169043160624918528e+03
9.404538184994651601e+03
9.641679116749159220e+03
9.881448081495223960e+03
1.012336552856697199e+04
1.036763764144357810e+04
1.061470255884955986e+04
1.086461617884627231e+04
1.111831635755743264e+04
1.137497968890884658e+04
1.163533534780041191e+04
1.189959607671145386e+04
1.216745621142945674e+04
1.244475771035681282e+04
1.277206656745306645e+04
1.304647296946810275e+04
1.332360300327365439e+04
1.360357775231709275e+04
1.388628963895181187e+04
1.417197840834975796e+04
1.446049624995586964e+04
1.475187120002527081e+04
1.504636334928012184e+04
1.534385159472505438e+04
1.564416643358399415e+04
1.594712466708190914e+04
1.625286442542651275e+04
1.656166618318030305e+04
1.707791681049393083e+04
1.739608409238854074e+04
1.771630873596364472e+04
1.803924307228839098e+04
1.836519975675467867e+04
1.869422857113219652e+04
1.902548685562881656e+04
1.935924949026741524e+04
1.969576214816335414e+04
2.003489406313967629e+04
2.037700809899909291e+04
2.072218253673074651e+04
2.107079858220656388e+04
2.142222452141233225e+04
2.177643154301938921e+04
2.213307194333861116e+04
2.249275569526214531e+04
2.285559876309956235e+04
2.322121411899785016e+04
2.358944817939004497e+04
2.396022488320936463e+04
2.433397784354309988e+04
2.471071486469389492e+04
2.509049648371409421e+04
2.547294694304255972e+04
2.585824045848792230e+04
2.624629073860659264e+04
2.663726460278488230e+04
2.703164260701052990e+04
2.742827292724869403e+04
2.782822517501670518e+04
2.823175486287209787e+04
2.863863210756480112e+04
2.904840199622069485e+04
2.946066049695642869e+04
2.987578948798778583e+04
3.029297948547305350e+04
3.071210565874572421e+04
3.113195563685474917e+04
3.155356353911044425e+04
3.197821990031718815e+04
3.260717663309556156e+04
3.303990466930607363e+04
3.347352595462487079e+04
3.390968955773685593e+04
3.434687354330364178e+04
3.492693916644241835e+04
3.537144790522194671e+04
3.581988365144934505e+04
3.627152819107488176e+04
3.672620972215489019e+04
3.718426517881338077e+04
3.764461455329831369e+04
3.810614681943652249e+04
3.856860692981901229e+04
3.903298612686422712e+04
3.949890291898878786e+04
3.996856177137095074e+04
4.044410679671442631e+04
4.092281438240966963e+04
4.139910274109113379e+04
4.187316615140562499e+04
4.234699873361104983e+04
4.171215531153912889e+04
4.218470151702334260e+04
4.265781223812418466e+04
4.313147665130972018e+04
4.360390031408314098e+04
4.407703951139288256e+04
4.455176507536174904e+04
4.502551615294531075e+04
4.549752347945320071e+04
4.597128481108740380e+04
4.644411957043220173e+04
4.691896828372566961e+04
4.740167021579007269e+04
4.788990213100358233e+04
4.777103012074828439e+04
4.826354104134484078e+04
4.875708211761746497e+04
4.925022931784172397e+04
4.974446874064952135e+04
5.024017726191379188e+04
5.073874474353556434e+04
5.124006849606401374e+04
5.174443500494231557e+04
5.225190462347310677e+04
5.276207751431112411e+04
5.327395876281217352e+04
5.378864664475340396e+04
5.430566264138831320e+04
5.482494477528216521e+04
5.534875763405892212e+04
5.587890191839973704e+04
5.704411648008188058e+04
5.758843468548844248e+04
5.813644080508879415e+04
5.898735275981557061e+04
5.954375379408144363e+04
6.010273624649428530e+04
6.066378069164808403e+04
6.122859121610728471e+04
6.209208119765725860e+04
6.266554187793266465e+04
6.322858782483943651e+04
6.379221215496366494e+04
6.435845588816740201e+04
6.492829071168293740e+04
6.550587049168963858e+04
6.608057537424274778e+04
6.665546844843780855e+04
6.722909341744548874e+04
6.779950106114921800e+04
6.800666092399024637e+04
6.858739919112245843e+04
6.916369742333273462e+04
6.930048840812209528e+04
6.988373793817475962e+04
7.046895251663232921e+04
7.105510384269134374e+04
7.164227252853484242e+04
7.223088493758672848e+04
7.281963128440456057e+04
7.341095918668754166e+04
7.400477309566309850e+04
7.524087366649373143e+04
7.584226905595697463e+04
7.644220632420948823e+04
7.704049563333741389e+04
7.763775745004649798e+04
7.823333508045047347e+04
7.883212672803182795e+04
7.943138151083420962e+04
8.002997541709012876e+04
8.063455757187810377e+04
8.124063422339374665e+04
8.185980467532962211e+04
7.934233750974699797e+04
7.991348967612173874e+04
8.047970854893118667e+04
8.104493030245724367e+04
8.161405931259447243e+04
7.934040731532528298e+04
7.990083523990154208e+04
8.045891360601987981e+04
8.101828434483210731e+04
8.157534264725158573e+04
8.285411949512314459e+04
8.339308504549521604e+04
8.362600726266465790e+04
8.419951963639994210e+04
8.375629454390144383e+04
8.433236795942240860e+04
8.491485200913070003e+04
8.549749675581173506e+04
8.608128650902053050e+04
8.666662506925486377e+04
8.725645880810037488e+04
8.784839948980294866e+04
8.844013714543303649e+04
8.904463891337729001e+04
9.106825172451890830e+04
9.168840450968264486e+04
9.230877476339061104e+04
8.723921205487517000e+04
8.778963007604106679e+04
8.833676093631589902e+04
8.839892534951413109e+04
8.894147673317651788e+04
8.948739947239488538e+04
9.004081143042031908e+04
9.111999729320053302e+04
9.167700582707948342e+04
9.223323789272896829e+04
9.278480199025882757e+04
9.333579247772025701e+04
9.389382961559617252e+04
9.587628020493434451e+04
9.644094929630825936e+04
9.701358998474663531e+04
9.759896142757672351e+04
9.818771234407990414e+04
9.877731569991981087e+04
9.755483394060446881e+04
9.474943191003671382e+04
9.535223225447739242e+04
9.596115120396697603e+04
9.657495632756251143e+04
9.719363485754180874e+04
9.781687204917040071e+04
9.844681672601836908e+04
9.907675172086204111e+04
9.970416180594367324e+04
1.003328324436619732e+05
1.009577375818692090e+05
1.015707154532564164e+05
1.021774099514911941e+05
1.027774196949596953e+05
1.019278959795001720e+05
1.025359158244835562e+05
1.049455663424755621e+05
1.055569878301240678e+05
1.061659869460890186e+05
1.067769409011002863e+05
1.073869041005606559e+05
1.077634458629254514e+05
1.083776661435274727e+05
1.089897258840134455e+05
1.096199659755551984e+05
1.125934799131304608e+05
1.132432832239166892e+05
1.138941120581184077e+05
1.145424409333153744e+05
1.151895595842926414e+05
1.158350452837644261e+05
1.164789247270833148e+05
1.171198600680456439e+05
1.177595904161584913e+05
1.183815076690532442e+05
1.204622529820914642e+05
1.211225411905450746e+05
1.217836173288887803e+05
1.224434632155417348e+05
1.130787582714271994e+05
1.137021250049925147e+05
1.143279189734854153e+05
1.149550264565904072e+05
1.155856152089716779e+05
1.162183342125575728e+05
1.182348902274699940e+05
1.188802038635068602e+05
1.195253390180882270e+05
1.201734595193687710e+05
1.208255032711003878e+05
1.214814807994474540e+05
1.221404414590161614e+05
1.228020564076866867e+05
1.234689460041753191e+05
1.266676604882596293e+05
1.264689225225023984e+05
1.271408557931196992e+05
1.278134390850075433e+05
1.284835048161826271e+05
1.291508498363452672e+05
1.298206161266044219e+05
1.304842189660506992e+05
1.311407426113511901e+05
1.317818650492306915e+05
1.324126854422603501e+05
1.330316053346049157e+05
1.336457446881297219e+05
1.360516471211290627e+05
1.366986478832788125e+05
1.373335584369830322e+05
1.379372764778617129e+05
1.385261986646158912e+05
1.308483555647695757e+05
1.314067235729700187e+05
1.336057600996090623e+05
1.342075307621842658e+05
1.348083187095968751e+05
1.353991989912428544e+05
1.360039138959627016e+05
1.366023367210305005e+05
1.374177374065121694e+05
1.380339792339043925e+05
1.386519666195689933e+05
1.392701800138454710e+05
1.398814000555587700e+05
1.405011202198530373e+05
1.366876534538099659e+05
1.372815995408686867e+05
1.378766421786160208e+05
1.384787325930045045e+05
1.390639036003341025e+05
1.396669922207727795e+05
1.402726223767299380e+05
1.408738557332000055e+05
1.414712624114579812e+05
1.380682913727974228e+05
1.386754523195821093e+05
1.392816224989335460e+05
1.398859314779862761e+05
1.404892305652136856e+05
1.410914371803532704e+05
1.416920875881515967e+05
1.422918325904397643e+05
1.428897263658194861e+05
1.434867016309697356e+05
1.440820777666426438e+05
1.446766961056259752e+05
1.452717021322700894e+05
1.458667926465726632e+05
1.464570631101292383e+05
1.470464858435337665e+05
1.476392141673283186e+05
1.482313902659055311e+05
1.488314748430911568e+05
1.494278839424766193e+05
1.521263569924034528e+05
1.527482471652644163e+05
1.533720293106532481e+05
1.539942685840515187e+05
1.546172959943183814e+05
1.552406772770027455e+05
1.558657147967078490e+05
1.564924514117293584e+05
1.571226177355836262e+05
1.577553408692152298e+05
1.583882795075239846e+05
1.590131370108240226e+05
1.596401469943606353e+05
1.602702528175450861e+05
1.622526913183724973e+05
1.628837370830682339e+05
1.635168401011594979e+05
1.641485949237383029e+05
1.647809672625272069e+05
1.654143577361103380e+05
1.660486699448529398e+05
1.666833890429504681e+05
1.673169376867992978e+05
1.679591934708489280e+05
1.686094038457452843e+05
1.692654969566124782e+05
1.699268921509282955e+05
1.705884620514812705e+05
1.712529131634338992e+05
1.719177021487829334e+05
1.725647302495689655e+05
1.697704356983765028e+05
1.704415960381832265e+05
1.711191866402394080e+05
1.718014576508084720e+05
1.724862390730899933e+05
1.731712107521061262e+05
1.738617753527242457e+05
1.745573645315737231e+05
1.786420812786037568e+05
1.793492001081751077e+05
1.800561677972375473e+05
1.807632011589633767e+05
1.814713486628480314e+05
1.821797616641813074e+05
1.828872835620527621e+05
1.835917726159351296e+05
1.842943190112311277e+05
1.849936612647755537e+05
1.856908388047964545e+05
1.863835408009000821e+05
1.925137368266668054e+05
1.932249672716503555e+05
1.939300597640076012e+05
1.946303379528375517e+05
1.953298189476610860e+05
1.960276583805060363e+05
1.967240067719418439e+05
1.974206470124951447e+05
1.981162072580858658e+05
1.988135278405830322e+05
1.995110751051647821e+05
2.002105326636917016e+05
2.009144208053621696e+05
2.016246816004165739e+05
2.023428970811810577e+05
2.030687977893319621e+05
2.037994240400319104e+05
2.045320237122337567e+05
2.052640878686444776e+05
2.059974164910868858e+05
2.067360408730783674e+05
2.074857139055554580e+05
2.082332995237132418e+05
2.089931977187184384e+05
2.097685956062304904e+05
2.105352104088799097e+05
2.112840863231029070e+05
2.120241676192503655e+05
2.127754392161323922e+05
2.119630154078608612e+05
2.126573229419654817e+05
2.133618921245705860e+05
2.140662845607016061e+05
2.147727824756753980e+05
2.154826035867897153e+05
2.161973772832788236e+05
2.169088982894606597e+05
2.170500113432455400e+05
2.177880256827796111e+05
2.185247196951292863e+05
2.192601158823044389e+05
2.199927744333009759e+05
2.207232453532852232e+05
2.214541757593421498e+05
2.221799461218599754e+05
2.229010879450052453e+05
2.236191067967857816e+05
2.243319094577240176e+05
2.250452127519773203e+05
2.257557425167479378e+05
2.264658177396966494e+05
2.271601742529939511e+05
2.278263312082789198e+05
2.284670891514650139e+05
2.236678561847544333e+05
2.243067266230474052e+05
2.217820699799071008e+05
2.224837865065507358e+05
2.231878805729628075e+05
2.238946518733948178e+05
2.246034421113923308e+05
2.253132390117202012e+05
2.260244080003784911e+05
2.267409690162885236e+05
2.274604121379889548e+05
2.281868915853726794e+05
2.289156845312526275e+05
2.296463046979487699e+05
2.303713990730706719e+05
2.310921374967886077e+05
2.318117784118338313e+05
2.325193233662915882e+05
2.410963940781195706e+05
2.418656048168569396e+05
2.426460856253620877e+05
2.434270109056612127e+05
2.442053709706806694e+05
2.449995343756609655e+05
2.458047641489681264e+05
2.537580843959886406e+05
2.546501726171294576e+05
2.555371865391880856e+05
2.564313466786686622e+05
2.455522600300388294e+05
2.448703516188066860e+05
2.457156025205443439e+05
2.465467983012505283e+05
2.473820519942757674e+05
2.482220459951574448e+05
2.481977938793965732e+05
2.490128802830161876e+05
2.498195863834774063e+05
2.506160559491160966e+05
2.606688019589548931e+05
2.614796389880796196e+05
2.622892563233150868e+05
2.631122194855774869e+05
2.639314151139411260e+05
2.647481532653190079e+05
2.655503473475282663e+05
2.663403131532112602e+05
2.671458937937725568e+05
2.679097298464133055e+05
2.667744763200860471e+05
2.675752764159592916e+05
2.736833494004339445e+05
2.745198813416640041e+05
2.753483965025541256e+05
2.761683575361559051e+05
2.769766679512120900e+05
2.777644468745301128e+05
2.785332375860486645e+05
2.792940028065162478e+05
2.800420542241538060e+05
2.807751545568183647e+05
2.814998719756759820e+05
2.822293955014983658e+05
2.829622011622248683e+05
2.837014300610226928e+05
2.844393728330035228e+05
2.851668072997125564e+05
2.858907143507695873e+05
2.865627923075957806e+05
2.871887650179764023e+05
2.877963873981324723e+05
2.883714777379605221e+05
2.722451587423803285e+05
2.728464559117543977e+05
2.635602171964309528e+05
2.485603751221174898e+05
2.492884868518952862e+05
2.500303370644969982e+05
2.507764536170788051e+05
2.515360193468152720e+05
2.523057211849012238e+05
2.530294204026819498e+05
2.537553202067257371e+05
2.544964400941788626e+05
2.552421024164464907e+05
2.475130427773104166e+05
2.482407270157355233e+05
2.489676420111671905e+05
2.496914384478761931e+05
2.504160922154070577e+05
2.511396852036141208e+05
2.518609967587633873e+05
