0.000000000000000000e+00
4.858779214572286342e+00
1.522812619315816285e+01
3.291258333208795506e+01
5.638994097864773636e+01
8.827971336739112473e+01
1.257206368969147121e+02
1.692514837490855086e+02
2.188525879260977831e+02
2.711235358482994116e+02
3.335892434497624208e+02
4.007551420531355006e+02
4.678226118186677809e+02
5.364520523631606466e+02
6.070997725236767337e+02
6.854446768037541915e+02
7.688578827649338336e+02
8.581786354931052756e+02
9.585940210803752279e+02
1.053480461693382495e+03
1.158891339552238605e+03
1.268707782088366685e+03
1.389671395192783166e+03
1.515616310744691873e+03
1.635903695163457542e+03
1.754604560259152777e+03
1.889814814117430615e+03
2.025934121981222233e+03
2.159459508740993897e+03
2.314390242238352585e+03
2.460505606620153230e+03
2.616762152789917764e+03
2.791488297185490410e+03
2.963218311709784757e+03
3.131605191686267517e+03
3.314116045449467038e+03
3.497434482936462700e+03
3.680970995411255899e+03
3.873804342933558928e+03
4.064855772276852349e+03
4.267024172827305847e+03
4.482443661130661894e+03
4.705583320396513955e+03
4.931722296244812242e+03
5.145851889733375174e+03
5.372317719601090175e+03
5.607847793813496537e+03
5.826589542344350775e+03
6.072162082154933159e+03
6.322982151080514996e+03
6.561546606175198576e+03
6.797909775329160766e+03
7.025392531414345285e+03
7.256117606823058850e+03
7.490203549191008278e+03
7.735096972559435926e+03
7.978368115781415327e+03
8.227672561519922965e+03
8.463783997699350948e+03
8.728274014959126362e+03
9.005993081253309356e+03
9.301009061463095350e+03
9.621576813860798211e+03
9.932770631819728806e+03
1.023449308366763398e+04
1.055629454238467406e+04
1.090178876123250120e+04
1.125080562472639213e+04
1.157773924585851637e+04
1.189887389658547727e+04
1.227753232011787441e+04
1.259760240640196207e+04
1.292622504712615410e+04
1.324707781801240890e+04
1.360699501617021997e+04
1.396451171837064612e+04
1.434911237112909839e+04
1.470078337958455450e+04
1.508254465662198527e+04
1.549649736726525771e+04
1.590271908637441447e+04
1.628322066666032151e+04
1.667049719577316864e+04
1.706969527066634328e+04
1.747670929742413500e+04
1.783415872536155439e+04
1.821337635768170003e+04
1.860567995764620355e+04
1.900297417524311822e+04
1.905388847598683788e+04
1.943832139669899698e+04
1.984261754484456833e+04
2.022984840376788634e+04
2.066233885444712359e+04
2.108306884852585426e+04
2.153039228382013971e+04
2.197034699332149830e+04
2.242414606335538701e+04
2.286772963989242999e+04
2.333898765620553604e+04
2.383944102250766082e+04
2.428074820870268013e+04
2.471268593345176487e+04
2.514015083790484641e+04
2.579555873268972209e+04
2.629161172853917742e+04
2.675715761119799572e+04
2.720761817870559025e+04
2.767456725255346464e+04
2.818888500893461242e+04
2.868207496923904546e+04
2.914012878757027647e+04
2.958298024380015704e+04
3.004813454356703369e+04
3.049453204595152783e+04
3.094900906026130542e+04
3.144652812019138946e+04
3.203081391068612720e+04
3.260468097071626835e+04
3.309943231555637612e+04
3.358491926272779529e+04
3.410996264458659425e+04
3.466003127035890066e+04
3.521068849618657987e+04
3.569157717940690782e+04
3.619983222746515094e+04
3.668745717392645020e+04
3.721871435546716384e+04
3.775977188658437808e+04
3.830130835399973148e+04
3.886281484315834678e+04
3.941658055955307645e+04
4.007573398046261718e+04
4.067335147260102531e+04
4.128616493691025244e+04
4.186125555029733368e+04
4.251263709212575486e+04
4.319227936095422774e+04
4.383351709956566629e+04
4.447536828590562800e+04
4.518689032715414942e+04
4.601998132096762129e+04
4.669008062895869080e+04
4.738845511601811450e+04
4.812350477160572336e+04
4.916172303383309190e+04
4.988254363639766962e+04
5.054306714173401997e+04
5.116534946750583185e+04
5.182072785440221924e+04
5.191506349221756682e+04
5.258142806524110347e+04
5.322947131518034439e+04
5.390597619330653833e+04
5.454669084747768648e+04
5.519696655072934664e+04
5.587880341085090913e+04
5.657867641025184275e+04
5.726179778690252715e+04
5.798878019755063724e+04
5.868414592954326508e+04
5.932754356391703186e+04
5.999048260583380033e+04
6.077089944121472217e+04
6.153582580319505360e+04
6.226422577885854844e+04
6.298179963977021544e+04
6.210066865214316203e+04
6.283139111152616533e+04
6.354444524650144012e+04
6.433607620695552760e+04
6.506510756244369259e+04
6.579433161266494426e+04
6.656158173921648995e+04
6.737518490012105030e+04
6.818488467974038213e+04
6.889020915942199645e+04
6.961158995398021943e+04
7.028761908571975073e+04
7.092831064441983472e+04
7.167887089934371761e+04
7.186104589150351239e+04
7.270273514881126175e+04
7.349236754138233664e+04
7.431660577893206209e+04
7.517544792124693049e+04
7.598481748555642844e+04
7.678599917529763479e+04
7.767069470396323595e+04
7.854790392772712221e+04
7.941626516688402626e+04
8.035644518877204973e+04
8.121683703209280793e+04
8.203187209434695251e+04
8.288124259349513159e+04
8.368577258423138119e+04
8.450566930388566107e+04
8.529657741516329406e+04
8.635186456580334925e+04
8.720486133923254965e+04
8.803873235816076340e+04
8.971705796318466309e+04
9.064985596862698731e+04
9.164779880058686831e+04
9.263220469857411808e+04
9.357568461517582182e+04
9.519397443681169534e+04
9.612453713047763449e+04
9.705366178170000785e+04
9.791365048193976691e+04
9.881899022334843175e+04
9.977789501094997104e+04
1.007314277298804664e+05
1.016923867344879400e+05
1.025325606206668017e+05
1.034452856183098629e+05
1.043113176994792302e+05
1.051423051481378207e+05
1.062272586526657396e+05
1.072098702789189556e+05
1.064178564937576302e+05
1.073097810878361634e+05
1.082453910716197424e+05
1.092119144792493025e+05
1.101364012051464961e+05
1.110775872102848807e+05
1.119953812379470328e+05
1.128880583575112832e+05
1.138941526252791373e+05
1.160672699287161377e+05
1.170004316540955915e+05
1.179401621113391302e+05
1.188553390687317878e+05
1.199034014046858210e+05
1.208241495476868295e+05
1.217287919848791062e+05
1.227112810499606712e+05
1.237232879313473532e+05
1.247073079724592826e+05
1.257963989505785867e+05
1.268066013714322180e+05
1.252758573595432244e+05
1.262405737443090620e+05
1.272091963930673228e+05
1.281638722354933707e+05
1.291673106229032273e+05
1.273837664931426407e+05
1.283877326375757984e+05
1.293799748127330386e+05
1.304199708516967949e+05
1.314943284281589440e+05
1.332580963131083117e+05
1.342345167161974532e+05
1.331211617090556829e+05
1.340746314093754918e+05
1.350230589993975591e+05
1.361082899297111144e+05
1.371647032429173123e+05
1.381341666026822058e+05
1.391933355656125059e+05
1.402921780758842360e+05
1.413523847650049720e+05
1.423403572128016967e+05
1.432912295907129883e+05
1.442529058823795640e+05
1.464620237592316116e+05
1.474304364447493863e+05
1.484904191600725171e+05
1.431464452552023868e+05
1.441787037662074727e+05
1.451700615784988913e+05
1.464168044488775195e+05
1.472993542882843176e+05
1.480923223297928926e+05
1.489748315475941636e+05
1.508355343578473548e+05
1.517366615297962271e+05
1.526110167434132018e+05
1.535461122428814124e+05
1.543188793130181730e+05
1.551414379267415497e+05
1.548256848534439923e+05
1.558084151573305426e+05
1.567290397044432466e+05
1.575822767454409332e+05
1.583882440100623935e+05
1.593129019012594363e+05
1.595197617601610837e+05
1.580893675423997629e+05
1.590738934380873106e+05
1.601315579541982443e+05
1.611417399971002887e+05
1.622417386925298779e+05
1.632817683272515133e+05
1.642721928139384836e+05
1.654064004106083594e+05
1.665729726923606650e+05
1.677549668739629851e+05
1.689595591267267009e+05
1.700350161678385048e+05
1.711042488821299921e+05
1.722598654396047932e+05
1.721156073902289791e+05
1.733784519037356949e+05
1.774061829350844200e+05
1.786903734395806969e+05
1.799430923655592487e+05
1.811893732126983523e+05
1.823363381963141728e+05
1.847907537668354926e+05
1.860456137233529589e+05
1.874149383386925037e+05
1.886499508543420816e+05
1.919523880477326747e+05
1.930962109343309421e+05
1.943742713555844093e+05
1.955080465851536719e+05
1.966366503500377876e+05
1.978463090056025248e+05
1.990806578604802198e+05
2.003765339729952684e+05
2.015774632752651232e+05
2.026913174631119764e+05
2.032484756260772410e+05
2.044950891371674952e+05
2.057575637999651663e+05
2.069674645350783831e+05
1.988509378442420566e+05
2.000278075058744580e+05
2.013440183056365058e+05
2.025616545187146694e+05
2.037303086813222326e+05
2.049072832261305011e+05
2.072289339522955124e+05
2.083485651764463400e+05
2.093475258977345948e+05
2.103802927172802156e+05
2.115920943868122995e+05
2.127173318796706444e+05
2.137300889479779871e+05
2.146292940013742773e+05
2.159228401744796429e+05
2.191183199008450028e+05
2.212155398564231873e+05
2.225104804755400401e+05
2.236882542425267457e+05
2.249410180934580567e+05
2.261520426459242590e+05
2.274346826607626281e+05
2.287450680758389644e+05
2.300987628430444456e+05
2.313912759840146464e+05
2.325926241527639213e+05
2.337222533981407760e+05
2.348588241172333655e+05
2.388934213100909546e+05
2.399390270335385867e+05
2.409607143670981750e+05
2.421775866534849338e+05
2.433377024739345652e+05
2.323726438900328067e+05
2.337968516509587935e+05
2.353135975682029384e+05
2.365733055872138939e+05
2.379537841629286995e+05
2.391551990358550975e+05
2.404800212269730982e+05
2.417674796969302406e+05
2.383251287326572055e+05
2.396479819402112626e+05
2.409701494333869778e+05
2.420878564320148434e+05
2.433509366309499310e+05
2.449330056260595738e+05
2.425590242573533615e+05
2.437170169286910386e+05
2.448533779283521289e+05
2.461799651032928959e+05
2.471677066416371672e+05
2.482438668642299599e+05
2.494422640565515903e+05
2.506326203077062964e+05
2.517092006834427884e+05
2.536324641824224964e+05
2.545975701993275434e+05
2.557238176376693591e+05
2.569092834767118911e+05
2.580554996138165006e+05
2.594825089899433951e+05
2.609088679166272341e+05
2.620774853639351204e+05
2.632955716116635595e+05
2.644627130559454672e+05
2.656155735555892461e+05
2.668620443934355862e+05
2.680050450402869610e+05
2.691722189203707385e+05
2.703928693033710588e+05
2.716714358871119912e+05
2.727052999782632687e+05
2.736047603994373349e+05
2.748407663685497828e+05
2.760057793959227274e+05
2.790852244596444652e+05
2.803161630288054002e+05
2.814821490330972010e+05
2.826708389876324218e+05
2.838944270899067051e+05
2.850919474940162618e+05
2.864476036392958486e+05
2.876026617923312588e+05
2.888150279619751964e+05
2.901946585436847527e+05
2.915186257680788403e+05
2.927218529277743655e+05
2.939075201660729945e+05
2.950773403944183374e+05
3.006582999379977118e+05
3.018116463777730823e+05
3.028827517344930675e+05
3.040890439473504666e+05
3.052128733961972175e+05
3.060079284984744154e+05
3.069908439271494281e+05
3.080955037435471895e+05
3.092492540007147472e+05
3.106331277584975469e+05
3.118303689960134798e+05
3.129655259405476972e+05
3.140423724283111515e+05
3.150611287083797506e+05
3.160798763392962283e+05
3.172833476150961942e+05
3.183807001567951520e+05
3.200327950592197594e+05
3.209505025131072034e+05
3.218910491447878303e+05
3.230249930477477610e+05
3.242053750985568622e+05
3.251212872343398049e+05
3.258875527465093764e+05
3.268048706037022639e+05
3.298808491540428367e+05
3.311232762050268939e+05
3.323254875016793958e+05
3.334488454481205554e+05
3.345875031332828221e+05
3.357004423701050691e+05
3.371426417038042564e+05
3.380743556218009326e+05
3.391312859974830644e+05
3.402220153042806196e+05
3.414311618755664094e+05
3.425176589363759267e+05
3.293776611301844241e+05
3.303540202399618574e+05
3.312817287454018369e+05
3.318905587233146071e+05
3.326305534826272633e+05
3.335423257225017296e+05
3.345821192384243477e+05
3.358902938677594648e+05
3.370235220999574522e+05
3.380731855511263711e+05
3.390695742331371293e+05
3.402683296020390117e+05
3.416071157463361160e+05
3.427245461510819150e+05
3.439834617914353148e+05
3.451428413288933807e+05
3.463354039062936208e+05
3.475019254980190308e+05
3.486085635163603001e+05
3.497126399423132534e+05
3.508733848008784116e+05
3.520160596633247333e+05
3.530718631837473949e+05
3.540803275221457588e+05
3.551730653618268552e+05
3.563646804431158816e+05
3.574648022489618161e+05
3.586585231784963980e+05
3.596765379231331171e+05
3.506068987015748280e+05
3.513746725324311410e+05
3.523346484738624422e+05
3.533056349489746499e+05
3.543408359587633167e+05
3.553859408945672330e+05
3.562773609715455677e+05
3.572894892767087440e+05
3.620136069810878835e+05
3.630928718516346416e+05
3.642195433708793717e+05
3.651790191930019646e+05
3.661947341839525616e+05
3.672159359189521056e+05
3.681523445048815920e+05
3.693895241874569329e+05
3.702567103323703050e+05
3.712982979069667635e+05
3.722490107132127741e+05
3.734502911705648294e+05
3.745443455407868605e+05
3.757216756732117501e+05
3.768980651476576459e+05
3.780200224270530161e+05
3.789853384882538812e+05
3.773529015325600049e+05
3.783968441851061652e+05
3.811997428689101944e+05
3.822795321263679652e+05
3.834162470282964641e+05
3.846147617915751180e+05
3.856371631389496033e+05
3.865728319753099349e+05
3.875452904762936523e+05
3.884701131478221505e+05
3.893528640440995223e+05
3.903261995108550182e+05
3.911675678823616472e+05
3.925505953676464269e+05
3.935433711771565722e+05
3.944734356982260360e+05
3.954637253274928080e+05
3.962839131776658469e+05
4.037706805571633158e+05
4.048159639201482642e+05
4.057634998144518468e+05
4.067599974585062591e+05
4.076559191971837427e+05
4.084672124454192235e+05
4.091762310640327632e+05
4.194450188588311430e+05
4.202247035894430592e+05
4.212017127304549795e+05
4.219371623677623575e+05
4.175856472192109213e+05
4.236853523755278438e+05
4.247499463885477744e+05
4.260255579842366860e+05
4.271494849051015917e+05
4.286545176207574550e+05
4.332525836157776066e+05
4.344096144543578266e+05
4.357137143175214878e+05
4.369591456038358156e+05
4.422767405851997319e+05
4.433099611493911361e+05
4.445894578121193335e+05
4.459340394003657275e+05
4.475030099019409972e+05
4.490894511470174766e+05
4.505524906267845654e+05
4.519425100189229706e+05
4.537557292514071451e+05
4.550445872434977209e+05
4.600836714107349981e+05
4.613305107222694205e+05
4.662932024642477045e+05
4.676790826627615024e+05
4.690304654878808069e+05
4.701455218641341780e+05
4.713263229069812223e+05
4.727212188777577830e+05
4.739531258618842112e+05
4.753556799586075358e+05
4.766108231567426701e+05
4.776835166687263409e+05
4.787130962806671159e+05
4.795368871424875106e+05
4.804370511231806013e+05
4.816175699037470622e+05
4.827212647770544281e+05
4.838099920059490250e+05
4.852477602041425416e+05
4.862986701262855786e+05
4.872207983151090448e+05
4.882130492817695485e+05
4.891256838082627510e+05
4.834693250196158770e+05
4.837646745910118916e+05
4.742082794877914712e+05
4.618897138422109419e+05
4.625531792820147239e+05
4.633077689762524678e+05
4.640491634125828277e+05
4.648176630351174390e+05
4.660007770643385011e+05
4.669978019799322356e+05
4.679533320726957754e+05
4.686939008369223448e+05
4.691938410975676379e+05
4.719620937491931254e+05
4.728343542215062189e+05
4.740775910060788738e+05
4.749423281369438046e+05
4.761349818854206824e+05
4.774939365994607797e+05
4.790131743429646012e+05
