0.000000000000000000e+00
3.131421530144312904e+00
1.004278952863956675e+01
2.121883105223216148e+01
3.557039995799242149e+01
5.486686675628511978e+01
7.743696904576793827e+01
1.053992778934881045e+02
1.358132317962658249e+02
1.682462921000619644e+02
2.035395201915019072e+02
2.423121184119369218e+02
2.863782251960989242e+02
3.330137309517929793e+02
3.814485928223226097e+02
4.354183289289686627e+02
4.876910957519021963e+02
5.430771906555390842e+02
6.077369461577661696e+02
6.730474833569561497e+02
7.380567166601597364e+02
8.064033940846152291e+02
8.749874981436687449e+02
9.520482867002174316e+02
1.033174031358400271e+03
1.114182734972844401e+03
1.197508505048386269e+03
1.278206230400893674e+03
1.367461425384429504e+03
1.454346691902249859e+03
1.557148846056975572e+03
1.654557089423830575e+03
1.753481393561876530e+03
1.858909213567708775e+03
1.960994743875467975e+03
2.067872989444157611e+03
2.178190739873200528e+03
2.280895379271070851e+03
2.390161820339061251e+03
2.494546272413746010e+03
2.612706472979014507e+03
2.735708329534096265e+03
2.868276083030421887e+03
3.001564864537118865e+03
3.139240219088879257e+03
3.268315978202654605e+03
3.407605357433983954e+03
3.538939556017700397e+03
3.672697855656911088e+03
3.814670986531425569e+03
3.959974023383010262e+03
4.102047052266530045e+03
4.254857472336117098e+03
4.405487371418497787e+03
4.568172343866714073e+03
4.729718874996192426e+03
4.891636663653550386e+03
5.049849814248453185e+03
5.203549025512855223e+03
5.368451825382794595e+03
5.542920266036226167e+03
5.723481967159976193e+03
5.916915925705277004e+03
6.106293550837188377e+03
6.316057527906247742e+03
6.499053503226786233e+03
6.685353447468596642e+03
6.891354029422300300e+03
7.117049126181531392e+03
7.327443430267338954e+03
7.554155219317064621e+03
7.775038000766079676e+03
8.002796077158125627e+03
8.222328973740697620e+03
8.447695550522459598e+03
8.666750540824688869e+03
8.895222505862271646e+03
9.120583221414344735e+03
9.359964691645065614e+03
9.593829573713765058e+03
9.854777961193331066e+03
1.009999812064722209e+04
1.035288222960900930e+04
1.062284185767016970e+04
1.087987953859050867e+04
1.113700251712557838e+04
1.138486675028622449e+04
1.164716835474046820e+04
1.189614026348270090e+04
1.213706803551003759e+04
1.238893824321559987e+04
1.263568115662965465e+04
1.286710480092072248e+04
1.313262334701088912e+04
1.338546006110556846e+04
1.363494485795433138e+04
1.391629366147240944e+04
1.416833887443301501e+04
1.444625004774818808e+04
1.471912595132582101e+04
1.495696814519499276e+04
1.521231604042010258e+04
1.547478088239103272e+04
1.573669350848282374e+04
1.608236745065192008e+04
1.635110330183056794e+04
1.661440865443812072e+04
1.689162900210365478e+04
1.718276061096519334e+04
1.745848333824150905e+04
1.777897859750576026e+04
1.810053800141316970e+04
1.838142422385706959e+04
1.866366564240869775e+04
1.893640147629201238e+04
1.920786882634925860e+04
1.952327321973059588e+04
1.985786669296418040e+04
2.021035390022051433e+04
2.055521473375178175e+04
2.089871430603648696e+04
2.126761898081652907e+04
2.164369954211359072e+04
2.200854922173405430e+04
2.235164634781710993e+04
2.268651606950199493e+04
2.305251940173528419e+04
2.343047745024568576e+04
2.376959067461254745e+04
2.409039272875492679e+04
2.443148743535736867e+04
2.476227988842559353e+04
2.510547820832961224e+04
2.547756559876208121e+04
2.585914477072339287e+04
2.617176134377176277e+04
2.655122829520521918e+04
2.697992866750896428e+04
2.738800799272899894e+04
2.777666674754815904e+04
2.815353886027460976e+04
2.854397316647440311e+04
2.891783034930840950e+04
2.932075698916389592e+04
2.970355587652784016e+04
3.016096065064570212e+04
3.057388024743362985e+04
3.100297934489145700e+04
3.146763623106667728e+04
3.187320622457533318e+04
3.227611471486016671e+04
3.276711144500778391e+04
3.314734050016473338e+04
3.352591062841590610e+04
3.387028351731237490e+04
3.432552724227710860e+04
3.472409985434001283e+04
3.516023937491198012e+04
3.560622979804825445e+04
3.603197325646525132e+04
3.647938729420868913e+04
3.690968868425175606e+04
3.736312734700134024e+04
3.787830148861268390e+04
3.831606778904378007e+04
3.872222114239956136e+04
3.914493603260791861e+04
3.958876049889107526e+04
3.995951700944823097e+04
4.041273026629450032e+04
4.087758472589023586e+04
4.134570461586973397e+04
4.179544001557945739e+04
4.222732644096654985e+04
4.266896238807656482e+04
4.313584125278692954e+04
4.361932329632991605e+04
4.412601369475424144e+04
4.465189585026104760e+04
4.515642010199573269e+04
4.563463727474487678e+04
4.613463887151118979e+04
4.664880779530631116e+04
4.715972603723422799e+04
4.765370065153892210e+04
4.810995348670669773e+04
4.857366249869942840e+04
4.905921550007310725e+04
4.958615376694589213e+04
5.010198106220313639e+04
5.063060681769123767e+04
5.120242600661109464e+04
5.172414712870052608e+04
5.219698621388954780e+04
5.269732123572031560e+04
5.319205767174177890e+04
5.366047908442651533e+04
5.414573853426989081e+04
5.501919246240964276e+04
5.553763224316656851e+04
5.550937841356907302e+04
5.601278109886385937e+04
5.651606904979725368e+04
5.708808858644111024e+04
5.765765932663595595e+04
5.823368849137674260e+04
5.877567598983144853e+04
5.934231720268928620e+04
5.990249937805007357e+04
6.038221906002971082e+04
6.092129229046319961e+04
6.145110790414608346e+04
6.197102067266327504e+04
6.248788306805363391e+04
6.297807596091440791e+04
6.349070832672149118e+04
6.432938426532476296e+04
6.477554163423483260e+04
6.532191570125277940e+04
6.621762858595421130e+04
6.679677692859292438e+04
6.738040743786764506e+04
6.799194443469594989e+04
6.859166591687084292e+04
6.927603538859917899e+04
6.987721812214139209e+04
7.044743993531736487e+04
7.110371199876577884e+04
7.177039558116513945e+04
7.241904960812671925e+04
7.301878587916397373e+04
7.362980725226536742e+04
7.425941603241609118e+04
7.544291713495661679e+04
7.606505953968813992e+04
7.669798860596596205e+04
7.782857409528433345e+04
7.847884675102365145e+04
7.911433449277978798e+04
7.980261674109457817e+04
8.043804701727279462e+04
8.108528420211876801e+04
8.165943948851767345e+04
8.223569327777744911e+04
8.282616513894569653e+04
8.346857424527090916e+04
8.406946852238981228e+04
8.463098549352822010e+04
8.526847844707783952e+04
8.594377982483038795e+04
8.659377542495107627e+04
8.725417253704994801e+04
8.793144641363924893e+04
8.858364106867894589e+04
8.924443339458637638e+04
8.852280088428355521e+04
8.912184761522278131e+04
8.976013673385133734e+04
9.039547628246415115e+04
9.099738421289526741e+04
9.165805536162982753e+04
9.229627249001052405e+04
9.286776604538451647e+04
9.342471894978190539e+04
9.406681273838404741e+04
9.467366395129545708e+04
9.534218157717389113e+04
9.599516728742320265e+04
9.661735880638401431e+04
9.730059124213794712e+04
9.796931859630151303e+04
9.859604489485251543e+04
9.923723588348056364e+04
9.988010441086803621e+04
1.004886247009919462e+05
1.011240197931749717e+05
1.016828250991659152e+05
1.023260385846163263e+05
1.029349185764470312e+05
1.035638837700493605e+05
1.041798307552946062e+05
1.048327009932987421e+05
1.054401165936358157e+05
1.060883755700340407e+05
1.067096683524909458e+05
1.073516019351973664e+05
1.080518910856285220e+05
1.087742143423040543e+05
1.094946443154918379e+05
1.102254438974113436e+05
1.109304564014089701e+05
1.116553281019229325e+05
1.124853673280836374e+05
1.138352510338050924e+05
1.146802108182515949e+05
1.154836635582291783e+05
1.163120545966816717e+05
1.171050186701666098e+05
1.181807375237909873e+05
1.188472817181495484e+05
1.193022904823157005e+05
1.198675739610314631e+05
1.204604908089278033e+05
1.211819184160241712e+05
1.219289882970648323e+05
1.226388880901304510e+05
1.233134867626909981e+05
1.240962756753671565e+05
1.248883003889546671e+05
1.257364751235317090e+05
1.264495010566592246e+05
1.271334943937177304e+05
1.279193980446509231e+05
1.286582074718674266e+05
1.294688401491416735e+05
1.302319815721774066e+05
1.309680667963537708e+05
1.317548731844526774e+05
1.325315832501479308e+05
1.332137011415403103e+05
1.339926070281947905e+05
1.347901858962792903e+05
1.357027872454300814e+05
1.366032082186873595e+05
1.374641458059414581e+05
1.383007064274418226e+05
1.385433196606373531e+05
1.394557127761009324e+05
1.403124094060043280e+05
1.411425213039367518e+05
1.419649527978072001e+05
1.427212345467238047e+05
1.432523468157601019e+05
1.440860032575177611e+05
1.448244963138926250e+05
1.455836662909119914e+05
1.462698862377556798e+05
1.469751488647073274e+05
1.476964417289927078e+05
1.484238188774164882e+05
1.491570567002374446e+05
1.499396983463747601e+05
1.531063088427253824e+05
1.538864796637121181e+05
1.542174878929707920e+05
1.549473257143984665e+05
1.557658810563944280e+05
1.565817872180589475e+05
1.572785861572050198e+05
1.580894210852659598e+05
1.588959055491134641e+05
1.596528401408157079e+05
1.604268758838891226e+05
1.601723494151681662e+05
1.610304439642846119e+05
1.618978702124858100e+05
1.627301688146377855e+05
1.645890259832465963e+05
1.654168598134959175e+05
1.663059513426985941e+05
1.672098291066468810e+05
1.681081874475506775e+05
1.690504722635657236e+05
1.700244621574426710e+05
1.710268359589439933e+05
1.719999462422222714e+05
1.729719106340832950e+05
1.749796389902076335e+05
1.759145157802356116e+05
1.767957931720140332e+05
1.776187581626183819e+05
1.784366059489089530e+05
1.784783383623207337e+05
1.794509109883902711e+05
1.803592554507420573e+05
1.811920145798059239e+05
1.820403289264750201e+05
1.829650673800282530e+05
1.839457947571561090e+05
1.848312754905403999e+05
1.857986416516161407e+05
1.868825885118626175e+05
1.879894581795308914e+05
1.889543624397038948e+05
1.900087896100315556e+05
1.910022516469247057e+05
1.920218686736089585e+05
1.930674329995774606e+05
1.941926342993576254e+05
1.953041725386297039e+05
1.963774117663304496e+05
1.974122068335641525e+05
1.984359476745491265e+05
1.994568527363182511e+05
2.004605703343859059e+05
2.015409273556618427e+05
1.989896805040813051e+05
1.999427136238269741e+05
2.009095346543012711e+05
2.017504273099240672e+05
2.025162719217561826e+05
2.036065050301212759e+05
2.043519214395303861e+05
2.068706050906523014e+05
2.076955644788889622e+05
2.086224815729697584e+05
2.094972993185581290e+05
2.103784974098068196e+05
2.113015159320013772e+05
2.121837265208336175e+05
2.130041735249041812e+05
2.138069006858939829e+05
2.146499138850788295e+05
2.154264411784571130e+05
2.162203797975103080e+05
2.169593978088724834e+05
2.177867568949013657e+05
2.186559085913164308e+05
2.194510330757289485e+05
2.201447523772321583e+05
2.210003506698798446e+05
2.222724873396273761e+05
2.222761485362546227e+05
2.231631506735534640e+05
2.239876664816140255e+05
2.248573885341233108e+05
2.257386206341128564e+05
2.267207879434252682e+05
2.275912214683602215e+05
2.284684167909959797e+05
2.294435838270221138e+05
2.304962033090868208e+05
2.314175609404372517e+05
2.322144120957706182e+05
2.331468859322898497e+05
2.340613971055379952e+05
2.350790965719725646e+05
2.361491779100304120e+05
2.371725108659764228e+05
2.382886997465660388e+05
2.392152386024508742e+05
2.400664655747555662e+05
2.410651132136834203e+05
2.421590279097567836e+05
2.430844032235539635e+05
2.438548117888252309e+05
2.447113197537308151e+05
2.456225129924725625e+05
2.465675398544755299e+05
2.475470560027645261e+05
2.484310546052521386e+05
2.493454495604374388e+05
2.502259903447241231e+05
2.513326744687014434e+05
2.523470685590726789e+05
2.534514592104078911e+05
2.544953663545806194e+05
2.554663474340497341e+05
2.564368345735301555e+05
2.574086770505734312e+05
2.584382767409059161e+05
2.594826720285821939e+05
2.604852990275619959e+05
2.555448415515981615e+05
2.564510610999571509e+05
2.573450553611064679e+05
2.602228513264038775e+05
2.611745795543151326e+05
2.621986595398294157e+05
2.631630058272984461e+05
2.641251325633268571e+05
2.648826526299348916e+05
2.656564816422199947e+05
2.665110291726653231e+05
2.673537940115772653e+05
2.672269631951111951e+05
2.682733512069496210e+05
2.693596980168412556e+05
2.704054902933884296e+05
2.713887109136867803e+05
2.723164003678477020e+05
2.732535015220770147e+05
2.742256793128251447e+05
2.751643155385353602e+05
2.760034597846574616e+05
2.769003375035899226e+05
2.778634648476517177e+05
2.788722476413981058e+05
2.798921136742512463e+05
2.808839838988111587e+05
2.819139440937910113e+05
2.828846160756622558e+05
2.839896622597062378e+05
2.851981938524317811e+05
2.862906717348778620e+05
2.872724971006272826e+05
2.882624828159534954e+05
2.892860623306622147e+05
2.902973525382874068e+05
2.910710120410146774e+05
2.922765325087917736e+05
2.932382522995924228e+05
2.942073939554970129e+05
2.951600815496661817e+05
2.962947760366213624e+05
2.974003315850821091e+05
2.984202619328603614e+05
2.994588381131588249e+05
3.005161954754716717e+05
3.015817384787963820e+05
3.029765036963216844e+05
3.035073681386567769e+05
3.046446416854118579e+05
3.058306323626866215e+05
3.088468378694341518e+05
3.100088816846383852e+05
3.111737474835318862e+05
3.123889989129910828e+05
3.136112886140622431e+05
3.148510678222253337e+05
3.160278188786599785e+05
3.171589221083941520e+05
3.180740437101665884e+05
3.190448370723989792e+05
3.199595564354081871e+05
3.192635501439523068e+05
3.202281731181326322e+05
3.212202047091542045e+05
3.222193119529364631e+05
3.232194285997062107e+05
3.241400617680737632e+05
3.252971892924289568e+05
3.264334329232029850e+05
3.275262988059200579e+05
3.286716807124912157e+05
3.299202844811796676e+05
3.310642044857081492e+05
3.322352308769554365e+05
3.333431132081425749e+05
3.344017299930130830e+05
3.354300270112826838e+05
3.365072637625548523e+05
3.376940050087075797e+05
3.388841647479213425e+05
3.389454111376320943e+05
3.400839936209874577e+05
3.414245562666222104e+05
3.426400037024205667e+05
3.437348462044926127e+05
3.448512801048573456e+05
3.460440823436239734e+05
3.470531073569851578e+05
3.480404376307244529e+05
3.490744284014407895e+05
3.500531426714247791e+05
3.512674688961818465e+05
3.522320844846888212e+05
3.547105694941790425e+05
3.557723660609186045e+05
3.566791663431387860e+05
3.576404986092391773e+05
3.586580624195160926e+05
3.591383928399889264e+05
3.600885949150980450e+05
3.656765933490486350e+05
3.664755356509821722e+05
3.672088201777980430e+05
3.705159338992101257e+05
3.713386287019260926e+05
3.722764526258758851e+05
3.731937026214221260e+05
3.741219710171610932e+05
3.749824477788684890e+05
3.760864922933570342e+05
3.772178312410396757e+05
3.784837891587002669e+05
3.796642673516063951e+05
3.808395815250724554e+05
3.819054317394259269e+05
3.831486292835561326e+05
3.844490377498473972e+05
3.856765357874487527e+05
3.800966308307817089e+05
3.811003675106185256e+05
3.820769105826912564e+05
3.830385113692852901e+05
3.841530982466741116e+05
3.851238297302302672e+05
3.911931117244734196e+05
3.922282644408844062e+05
3.931784346869242727e+05
3.940869123634681455e+05
3.951052172581450432e+05
3.888836427417918458e+05
3.898915213326342637e+05
3.910056973283680272e+05
3.922949079600971891e+05
3.936416659097446827e+05
3.949387147359458613e+05
3.962001469351511332e+05
